13999
13998
13997
13996
13994
13991
13990
13990
13988
13988
13986
13983
13979
13976
13976
13976
13975
13975
13975
13974
13974
13973
13972
13970
13969
13968
13966
13966
13966
13965
13965
13964
13962
13962
13961
13961
13960
13960
13958
13957
13956
13955
13955
13955
13955
13953
13953
13952
13952
13951
13951
13950
13948
13948
13948
13948
13947
13946
13945
13937
13934
13933
13932
13931
13929
13928
13928
13927
13925
13925
13924
13923
13922
13922
13919
13918
13918
13917
13916
13916
13915
13915
13914
13913
13913
13913
13912
13909
13908
13907
13907
13905
13905
13904
13904
13901
13901
13899
13898
13897
13896
13896
13895
13895
13895
13894
13893
13892
13891
13891
13890
13886
13886
13884
13882
13882
13882
13879
13879
13879
13877
13876
13874
13873
13873
13872
13868
13868
13868
13867
13867
13866
13863
13861
13861
13861
13861
13861
13860
13855
13855
13854
13853
13851
13851
13849
13849
13849
13845
13842
13841
13840
13838
13837
13836
13836
13835
13835
13833
13833
13833
13832
13830
13830
13828
13827
13826
13826
13826
13825
13824
13823
13823
13822
13821
13820
13820
13820
13820
13818
13813
13812
13810
13810
13806
13806
13804
13801
13801
13801
13801
13800
13800
13798
13795
13794
13793
13793
13793
13793
13792
13792
13791
13790
13786
13786
13785
13784
13784
13783
13782
13781
13779
13777
13775
13775
13775
13774
13773
13772
13770
13770
13770
13769
13768
13767
13766
13766
13766
13766
13765
13763
13763
13762
13762
13762
13761
13760
13759
13759
13754
13754
13754
13754
13753
13752
13748
13748
13746
13746
13745
13744
13742
13742
13740
13740
13740
13738
13735
13733
13733
13733
13732
13732
13731
13731
13730
13730
13730
13729
13727
13726
13726
13724
13723
13720
13718
13716
13714
13714
13711
13711
13710
13709
13708
13708
13705
13705
13704
13701
13701
13700
13700
13696
13694
13694
13693
13690
13689
13689
13688
13688
13687
13686
13686
13685
13685
13683
13683
13681
13680
13679
13679
13678
13676
13674
13672
13672
13672
13671
13668
13668
13667
13666
13666
13665
13665
13664
13664
13662
13662
13662
13662
13660
13659
13659
13656
13654
13653
13652
13652
13652
13652
13651
13647
13647
13646
13645
13645
13645
13640
13640
13639
13637
13637
13636
13635
13634
13633
13632
13631
13631
13631
13629
13629
13629
13628
13628
13627
13626
13626
13626
13624
13623
13622
13620
13620
13619
13619
13619
13616
13616
13616
13615
13615
13614
13614
13614
13613
13612
13612
13612
13611
13611
13609
13609
13607
13607
13607
13606
13603
13601
13599
13598
13596
13595
13595
13593
13592
13592
13592
13592
13591
13590
13587
13587
13586
13585
13584
13581
13578
13575
13572
13570
13568
13568
13566
13566
13566
13566
13565
13564
13562
13562
13560
13560
13560
13558
13558
13557
13555
13555
13555
13555
13555
13554
13552
13551
13548
13548
13548
13547
13546
13546
13544
13543
13540
13539
13538
13536
13536
13536
13534
13534
13533
13532
13529
13529
13527
13526
13525
13522
13521
13521
13518
13517
13516
13516
13515
13515
13515
13515
13514
13513
13513
13512
13512
13511
13510
13510
13509
13509
13508
13508
13507
13506
13505
13505
13504
13504
13503
13500
13500
13499
13499
13494
13494
13492
13492
13492
13491
13489
13484
13481
13479
13478
13478
13477
13476
13474
13473
13470
13469
13467
13465
13464
13464
13461
13460
13460
13460
13459
13459
13458
13456
13456
13454
13453
13452
13451
13449
13447
13445
13445
13444
13443
13442
13442
13441
13438
13437
13437
13437
13436
13432
13432
13432
13431
13431
13430
13429
13429
13429
13427
13427
13427
13426
13425
13424
13424
13423
13423
13423
13421
13420
13418
13418
13417
13414
13414
13413
13411
13410
13410
13410
13409
13408
13407
13407
13406
13406
13405
13405
13403
13402
13402
13401
13400
13399
13398
13397
13395
13395
13394
13394
13394
13393
13392
13390
13388
13385
13384
13383
13382
13381
13380
13380
13379
13379
13378
13377
13376
13376
13374
13373
13373
13371
13370
13369
13369
13369
13367
13366
13365
13364
13363
13362
13362
13361
13361
13360
13360
13360
13359
13358
13356
13356
13355
13355
13354
13354
13353
13348
13348
13347
13345
13344
13341
13341
13340
13339
13339
13335
13335
13333
13333
13333
13332
13332
13330
13329
13328
13327
13327
13324
13324
13322
13322
13318
13318
13316
13315
13315
13314
13313
13312
13312
13312
13312
13311
13309
13308
13307
13307
13305
13305
13304
13304
13304
13301
13300
13299
13298
13298
13294
13293
13293
13293
13291
13290
13290
13289
13288
13287
13286
13285
13285
13283
13282
13282
13281
13281
13281
13280
13280
13279
13278
13278
13278
13277
13276
13276
13275
13274
13274
13273
13273
13270
13268
13268
13267
13266
13266
13265
13262
13261
13261
13261
13261
13259
13258
13256
13255
13253
13250
13249
13248
13248
13248
13247
13246
13246
13245
13245
13244
13244
13241
13240
13239
13238
13238
13238
13237
13237
13237
13236
13235
13234
13233
13231
13231
13228
13228
13227
13227
13226
13226
13225
13223
13222
13220
13219
13218
13218
13217
13217
13216
13215
13214
13214
13213
13213
13213
13213
13213
13212
13211
13210
13208
13207
13206
13205
13203
13203
13200
13200
13200
13199
13199
13197
13197
13196
13190
13188
13187
13187
13186
13186
13185
13183
13182
13179
13176
13175
13172
13169
13169
13168
13165
13165
13165
13163
13163
13163
13162
13162
13160
13159
13159
13158
13155
13153
13153
13152
13149
13148
13147
13147
13147
13147
13146
13144
13142
13137
13136
13136
13134
13134
13134
13133
13133
13132
13132
13129
13128
13128
13127
13127
13124
13123
13122
13121
13120
13120
13120
13117
13116
13116
13114
13113
13113
13112
13111
13111
13109
13107
13107
13107
13105
13104
13104
13104
13104
13100
13099
13098
13098
13098
13097
13096
13096
13095
13095
13093
13091
13091
13091
13091
13088
13088
13087
13085
13084
13084
13084
13082
13082
13081
13081
13081
13079
13079
13078
13077
13076
13076
13075
13074
13071
13071
13069
13068
13068
13068
13066
13065
13064
13063
13063
13063
13063
13061
13061
13059
13057
13055
13054
13054
13053
13053
13052
13051
13050
13049
13049
13048
13048
13047
13047
13043
13042
13042
13041
13041
13040
13040
13040
13039
13037
13036
13036
13036
13035
13034
13034
13033
13032
13030
13030
13030
13030
13030
13029
13029
13028
13026
13026
13026
13022
13022
13021
13021
13020
13020
13019
13019
13017
13017
13016
13015
13014
13014
13014
13013
13013
13013
13012
13012
13010
13009
13008
13005
13001
13000
12999
12999
12999
12996
12996
12991
12990
12989
12986
12985
12984
12984
12981
12979
12978
12976
12976
12975
12971
12971
12969
12968
12966
12966
12965
12965
12965
12963
12962
12962
12962
12961
12959
12951
12949
12948
12947
12944
12941
12941
12940
12939
12939
12936
12935
12932
12930
12930
12929
12929
12929
12928
12926
12925
12925
12923
12921
12921
12920
12919
12919
12918
12918
12917
12916
12916
12913
12912
12912
12909
12908
12903
12901
12901
12900
12900
12899
12898
12896
12896
12895
12894
12893
12892
12891
12890
12888
12888
12887
12887
12887
12887
12885
12882
12880
12879
12879
12876
12875
12875
12873
12872
12872
12872
12872
12870
12869
12868
12868
12867
12867
12867
12867
12867
12866
12865
12864
12864
12863
12862
12862
12860
12858
12855
12853
12853
12851
12851
12849
12846
12845
12845
12844
12837
12837
12836
12836
12835
12834
12834
12833
12832
12832
12831
12830
12830
12829
12826
12825
12824
12822
12820
12820
12819
12819
12817
12817
12816
12815
12813
12813
12813
12812
12812
12809
12808
12808
12808
12807
12803
12802
12800
12798
12797
12797
12796
12795
12794
12792
12790
12790
12788
12788
12786
12786
12785
12784
12782
12782
12782
12781
12780
12780
12780
12779
12778
12777
12775
12773
12772
12770
12770
12769
12769
12768
12765
12762
12762
12761
12761
12760
12760
12759
12758
12757
12757
12757
12756
12756
12752
12751
12750
12749
12748
12746
12746
12746
12744
12744
12743
12742
12741
12740
12740
12738
12738
12737
12736
12736
12735
12734
12734
12733
12733
12728
12727
12727
12726
12725
12725
12725
12725
12724
12723
12723
12723
12722
12722
12722
12718
12718
12715
12714
12714
12712
12712
12711
12707
12706
12705
12704
12704
12703
12701
12700
12699
12699
12698
12698
12697
12696
12695
12694
12690
12690
12689
12688
12687
12686
12686
12685
12684
12683
12683
12683
12677
12676
12676
12676
12676
12673
12673
12673
12672
12671
12667
12665
12664
12662
12659
12658
12657
12656
12656
12654
12654
12653
12652
12652
12651
12650
12650
12650
12648
12647
12646
12646
12646
12644
12644
12643
12643
12640
12638
12634
12634
12633
12632
12631
12630
12630
12630
12629
12628
12627
12624
12624
12624
12622
12622
12622
12621
12619
12619
12619
12618
12618
12618
12617
12614
12613
12612
12612
12611
12610
12608
12607
12606
12606
12605
12604
12603
12600
12600
12598
12598
12597
12597
12596
12594
12593
12592
12591
12590
12590
12590
12589
12589
12588
12588
12588
12588
12587
12586
12585
12581
12579
12579
12578
12577
12577
12576
12576
12576
12575
12575
12574
12573
12572
12572
12571
12571
12570
12569
12567
12566
12566
12560
12560
12560
12559
12557
12557
12555
12553
12551
12550
12548
12547
12546
12546
12546
12546
12545
12544
12544
12544
12544
12543
12542
12541
12540
12538
12538
12537
12537
12537
12537
12535
12533
12529
12527
12527
12527
12526
12524
12522
12519
12518
12518
12516
12514
12512
12511
12510
12510
12510
12508
12507
12505
12505
12502
12499
12498
12498
12497
12497
12496
12493
12493
12493
12493
12493
12492
12490
12488
12488
12488
12486
12486
12485
12484
12475
12474
12474
12472
12471
12470
12469
12469
12467
12467
12466
12465
12464
12459
12459
12458
12455
12455
12455
12454
12454
12453
12453
12453
12452
12452
12451
12449
12449
12448
12446
12445
12442
12442
12441
12440
12437
12436
12435
12434
12434
12432
12430
12429
12429
12429
12428
12427
12427
12427
12426
12426
12424
12424
12424
12420
12420
12420
12419
12419
12419
12418
12418
12418
12416
12415
12413
12413
12412
12411
12410
12410
12410
12409
12407
12401
12400
12398
12396
12395
12395
12394
12394
12393
12393
12392
12391
12390
12388
12387
12384
12384
12381
12380
12379
12377
12377
12375
12374
12370
12370
12370
12368
12367
12366
12365
12365
12363
12363
12362
12361
12360
12359
12359
12358
12356
12356
12356
12353
12348
12346
12346
12345
12345
12345
12344
12344
12344
12339
12337
12337
12336
12333
12333
12330
12329
12329
12328
12328
12328
12327
12327
12327
12326
12325
12324
12323
12323
12321
12320
12319
12318
12317
12315
12315
12315
12313
12310
12310
12308
12307
12307
12307
12304
12302
12302
12301
12301
12300
12300
12297
12295
12292
12291
12291
12289
12288
12287
12287
12285
12284
12283
12283
12282
12280
12279
12278
12278
12278
12277
12276
12276
12273
12272
12272
12271
12270
12270
12269
12268
12265
12264
12261
12261
12260
12258
12256
12256
12253
12251
12249
12248
12247
12247
12247
12247
12247
12245
12245
12245
12242
12241
12241
12239
12238
12238
12237
12237
12236
12236
12230
12229
12227
12226
12226
12225
12224
12221
12221
12220
12220
12220
12219
12217
12217
12216
12213
12213
12212
12212
12210
12210
12210
12209
12209
12207
12206
12206
12204
12202
12202
12201
12200
12199
12199
12198
12198
12197
12193
12192
12192
12191
12191
12191
12190
12190
12189
12189
12189
12188
12188
12187
12187
12186
12186
12185
12185
12182
12181
12181
12181
12178
12177
12176
12175
12174
12172
12172
12171
12170
12170
12168
12167
12166
12166
12165
12165
12164
12163
12162
12159
12159
12159
12157
12155
12154
12154
12154
12154
12153
12151
12148
12148
12146
12146
12146
12146
12146
12145
12143
12143
12142
12142
12141
12141
12141
12141
12138
12135
12134
12134
12132
12129
12129
12128
12128
12127
12126
12125
12123
12123
12121
12121
12120
12120
12120
12119
12118
12118
12117
12117
12114
12111
12111
12110
12110
12109
12108
12107
12107
12106
12105
12105
12104
12104
12103
12103
12102
12102
12102
12102
12099
12099
12097
12096
12096
12094
12094
12093
12093
12089
12088
12087
12087
12085
12085
12084
12084
12084
12083
12083
12080
12080
12079
12078
12078
12077
12077
12075
12070
12068
12066
12066
12065
12064
12063
12063
12061
12060
12059
12056
12055
12054
12054
12054
12053
12050
12049
12048
12047
12045
12045
12044
12044
12043
12042
12039
12036
12036
12034
12033
12033
12032
12031
12031
12031
12030
12030
12028
12028
12028
12027
12027
12026
12022
12021
12020
12020
12020
12018
12017
12017
12015
12015
12014
12013
12008
12006
12005
12004
12003
12003
12002
12002
12002
12002
11999
11999
11999
11995
11995
11994
11993
11992
11992
11992
11991
11991
11990
11990
11988
11982
11982
11980
11980
11978
11976
11976
11975
11973
11973
11973
11969
11969
11968
11968
11966
11966
11960
11960
11958
11958
11958
11958
11957
11955
11954
11954
11953
11950
11949
11948
11947
11947
11947
11947
11945
11941
11941
11941
11938
11938
11937
11937
11936
11936
11936
11936
11934
11931
11930
11929
11928
11928
11927
11925
11924
11924
11922
11921
11920
11920
11919
11919
11919
11917
11917
11916
11915
11914
11912
11912
11910
11908
11908
11908
11907
11905
11905
11904
11904
11903
11902
11901
11900
11900
11899
11898
11896
11896
11893
11893
11892
11891
11891
11890
11890
11889
11889
11888
11888
11886
11886
11885
11885
11883
11881
11881
11881
11880
11878
11877
11877
11876
11875
11875
11875
11873
11873
11872
11871
11869
11867
11865
11864
11863
11863
11857
11856
11856
11856
11855
11855
11854
11854
11853
11852
11849
11849
11848
11848
11845
11844
11844
11842
11842
11841
11841
11841
11837
11835
11834
11833
11833
11832
11831
11831
11830
11830
11829
11824
11822
11821
11821
11819
11819
11818
11818
11818
11814
11813
11813
11812
11809
11809
11804
11803
11803
11803
11802
11801
11801
11800
11800
11798
11798
11798
11797
11796
11795
11793
11793
11792
11792
11791
11791
11790
11785
11782
11781
11781
11780
11780
11779
11779
11778
11778
11777
11776
11776
11774
11773
11773
11773
11771
11769
11769
11768
11767
11767
11766
11765
11765
11765
11764
11764
11763
11762
11762
11762
11762
11761
11761
11761
11760
11758
11756
11755
11755
11755
11755
11752
11752
11752
11752
11751
11751
11750
11750
11748
11748
11747
11747
11746
11744
11744
11743
11742
11742
11742
11737
11735
11735
11735
11734
11734
11733
11732
11731
11730
11730
11729
11728
11728
11728
11725
11722
11721
11719
11718
11717
11716
11716
11712
11711
11711
11710
11707
11706
11706
11705
11705
11704
11702
11702
11701
11700
11700
11699
11697
11696
11694
11693
11693
11692
11691
11691
11691
11690
11688
11687
11687
11687
11682
11679
11678
11678
11677
11675
11674
11673
11673
11673
11672
11672
11671
11670
11668
11668
11668
11667
11665
11665
11665
11662
11662
11661
11659
11658
11656
11654
11653
11652
11652
11652
11649
11649
11647
11647
11645
11644
11643
11643
11642
11642
11641
11640
11640
11638
11633
11630
11629
11629
11627
11626
11626
11626
11626
11625
11625
11623
11620
11620
11620
11617
11616
11616
11615
11615
11614
11613
11611
11610
11609
11609
11608
11607
11607
11605
11604
11603
11602
11602
11601
11601
11598
11597
11596
11595
11595
11594
11593
11592
11590
11590
11587
11585
11583
11582
11581
11581
11579
11578
11578
11577
11574
11573
11572
11572
11570
11570
11568
11568
11567
11567
11566
11566
11565
11565
11564
11563
11563
11563
11562
11561
11560
11559
11558
11555
11555
11554
11554
11553
11553
11552
11550
11550
11550
11549
11545
11545
11542
11542
11541
11540
11539
11538
11536
11531
11528
11527
11526
11523
11523
11523
11521
11519
11517
11516
11516
11516
11516
11516
11516
11514
11513
11512
11512
11512
11511
11511
11508
11507
11506
11505
11503
11503
11502
11501
11494
11494
11492
11492
11489
11487
11487
11486
11486
11485
11484
11483
11482
11481
11480
11480
11479
11478
11476
11475
11474
11474
11474
11470
11470
11470
11470
11469
11469
11463
11463
11463
11462
11461
11459
11459
11457
11457
11457
11456
11456
11456
11454
11454
11453
11452
11451
11450
11449
11445
11445
11444
11443
11442
11441
11439
11438
11437
11435
11433
11432
11432
11431
11430
11428
11428
11427
11427
11427
11419
11417
11416
11416
11416
11416
11415
11415
11414
11412
11410
11410
11409
11409
11408
11407
11406
11405
11405
11404
11404
11401
11400
11398
11397
11396
11394
11394
11393
11392
11392
11391
11391
11391
11390
11390
11389
11388
11388
11387
11387
11385
11384
11384
11384
11380
11380
11379
11379
11378
11377
11376
11374
11372
11372
11370
11370
11368
11368
11367
11367
11366
11365
11364
11363
11363
11361
11361
11359
11358
11357
11357
11356
11356
11355
11354
11354
11352
11352
11350
11348
11348
11347
11347
11346
11345
11344
11341
11340
11337
11333
11333
11333
11332
11331
11330
11329
11329
11326
11325
11321
11320
11318
11317
11317
11316
11315
11315
11313
11313
11312
11309
11304
11303
11302
11302
11302
11301
11299
11299
11298
11298
11298
11297
11294
11294
11292
11289
11289
11288
11287
11285
11284
11283
11283
11280
11279
11279
11279
11278
11277
11276
11276
11274
11272
11270
11270
11269
11267
11266
11265
11263
11263
11261
11261
11260
11260
11260
11258
11256
11255
11255
11255
11254
11254
11252
11251
11250
11249
11247
11247
11242
11239
11239
11235
11235
11234
11232
11232
11231
11231
11230
11230
11227
11227
11226
11226
11225
11223
11223
11223
11222
11221
11221
11221
11220
11218
11218
11218
11214
11209
11209
11208
11206
11206
11205
11205
11203
11203
11201
11200
11200
11199
11198
11196
11195
11195
11194
11194
11192
11190
11190
11189
11188
11186
11186
11185
11185
11184
11183
11181
11180
11179
11178
11178
11178
11177
11177
11176
11176
11173
11172
11171
11169
11169
11168
11167
11165
11162
11161
11157
11157
11156
11156
11154
11154
11154
11154
11153
11149
11149
11149
11148
11147
11147
11146
11144
11144
11142
11141
11141
11141
11140
11139
11138
11138
11138
11137
11135
11135
11133
11133
11132
11132
11131
11129
11128
11126
11125
11124
11123
11122
11121
11120
11118
11118
11117
11117
11116
11115
11114
11111
11111
11110
11109
11108
11106
11105
11101
11101
11100
11099
11097
11096
11095
11095
11095
11095
11093
11093
11093
11092
11091
11091
11090
11088
11087
11085
11083
11083
11083
11083
11078
11078
11075
11075
11073
11072
11071
11069
11069
11068
11068
11068
11067
11066
11066
11065
11064
11063
11063
11061
11059
11058
11058
11057
11057
11056
11056
11055
11054
11050
11049
11048
11048
11048
11048
11048
11047
11047
11047
11046
11045
11044
11042
11039
11039
11038
11037
11036
11035
11034
11032
11031
11030
11028
11028
11027
11026
11025
11024
11024
11023
11023
11021
11021
11017
11015
11015
11014
11014
11014
11014
11013
11013
11013
11013
11012
11012
11010
11010
11007
11007
11007
11001
11001
11000
10999
10994
10993
10993
10990
10990
10990
10990
10990
10989
10988
10988
10986
10985
10985
10985
10984
10983
10983
10983
10981
10978
10978
10977
10976
10975
10975
10973
10972
10971
10968
10966
10965
10964
10959
10959
10957
10956
10955
10955
10955
10954
10952
10948
10948
10948
10948
10947
10947
10946
10946
10945
10944
10944
10940
10939
10939
10938
10938
10937
10934
10933
10932
10932
10931
10931
10929
10927
10925
10924
10923
10922
10922
10920
10920
10915
10913
10910
10909
10908
10907
10907
10906
10905
10903
10903
10901
10900
10900
10897
10896
10896
10895
10894
10894
10892
10891
10891
10891
10891
10890
10890
10890
10889
10889
10887
10887
10887
10887
10887
10887
10886
10885
10885
10884
10883
10882
10881
10880
10879
10875
10875
10874
10874
10872
10871
10870
10870
10869
10868
10867
10865
10864
10864
10862
10862
10861
10861
10860
10860
10858
10858
10858
10857
10856
10856
10855
10854
10854
10853
10850
10850
10849
10849
10848
10845
10843
10842
10841
10838
10838
10837
10837
10834
10833
10833
10832
10832
10829
10828
10826
10826
10824
10822
10821
10821
10820
10820
10820
10818
10817
10812
10812
10810
10809
10809
10809
10807
10805
10803
10802
10802
10802
10802
10800
10798
10796
10796
10795
10794
10793
10792
10792
10792
10791
10789
10789
10788
10786
10785
10785
10784
10784
10783
10783
10783
10783
10782
10781
10780
10780
10780
10780
10779
10777
10777
10777
10775
10774
10773
10773
10772
10772
10769
10769
10767
10766
10766
10763
10762
10759
10758
10757
10755
10755
10754
10753
10753
10752
10752
10751
10750
10749
10748
10748
10748
10745
10745
10744
10744
10741
10740
10740
10740
10739
10738
10737
10737
10737
10736
10735
10733
10733
10728
10727
10726
10725
10725
10724
10723
10722
10722
10722
10721
10721
10720
10719
10719
10718
10718
10717
10716
10715
10715
10715
10714
10713
10712
10712
10711
10710
10710
10708
10707
10706
10706
10705
10701
10701
10701
10700
10699
10699
10699
10699
10698
10698
10697
10697
10695
10695
10695
10694
10694
10692
10691
10686
10686
10686
10685
10684
10682
10681
10680
10680
10679
10677
10677
10676
10675
10674
10673
10672
10670
10669
10669
10665
10665
10664
10664
10664
10663
10660
10660
10660
10659
10659
10657
10655
10655
10649
10649
10649
10649
10646
10645
10641
10641
10639
10639
10638
10637
10636
10634
10634
10633
10632
10631
10630
10630
10629
10628
10624
10624
10624
10623
10622
10622
10621
10621
10621
10618
10617
10616
10615
10613
10612
10610
10609
10608
10607
10607
10606
10606
10605
10604
10604
10604
10604
10604
10602
10601
10601
10600
10600
10599
10598
10593
10591
10589
10589
10588
10586
10585
10584
10580
10577
10577
10577
10577
10576
10576
10576
10575
10575
10575
10574
10572
10571
10570
10569
10568
10565
10564
10563
10560
10560
10558
10556
10554
10552
10552
10551
10551
10551
10551
10550
10548
10546
10545
10541
10539
10539
10539
10537
10534
10534
10534
10534
10534
10533
10533
10528
10527
10527
10525
10521
10519
10519
10518
10516
10515
10515
10515
10513
10512
10512
10511
10511
10509
10508
10507
10506
10506
10503
10502
10501
10498
10498
10495
10494
10491
10491
10490
10490
10489
10488
10488
10486
10486
10485
10485
10484
10483
10483
10481
10481
10480
10480
10479
10479
10478
10478
10475
10475
10475
10475
10475
10474
10474
10471
10471
10470
10469
10468
10467
10466
10466
10462
10460
10458
10456
10455
10453
10452
10447
10446
10446
10446
10446
10443
10443
10440
10438
10438
10437
10436
10434
10434
10432
10431
10431
10431
10430
10430
10429
10428
10427
10427
10427
10425
10425
10424
10423
10421
10419
10419
10418
10416
10414
10410
10410
10409
10408
10405
10403
10402
10402
10398
10395
10395
10395
10390
10389
10388
10388
10388
10386
10385
10385
10384
10384
10382
10381
10380
10379
10379
10377
10376
10374
10372
10372
10371
10370
10370
10369
10367
10367
10367
10362
10360
10360
10360
10359
10358
10356
10355
10354
10354
10353
10353
10350
10348
10346
10345
10344
10344
10344
10343
10342
10342
10341
10340
10340
10339
10338
10335
10333
10331
10329
10329
10328
10327
10326
10324
10322
10322
10320
10320
10319
10319
10318
10318
10317
10317
10316
10315
10315
10312
10311
10309
10308
10307
10306
10305
10305
10303
10303
10302
10301
10301
10301
10300
10300
10299
10298
10297
10297
10297
10295
10294
10293
10291
10291
10290
10289
10288
10287
10287
10286
10284
10284
10282
10282
10281
10281
10280
10278
10278
10278
10277
10276
10274
10274
10273
10272
10272
10272
10271
10269
10268
10266
10264
10262
10262
10260
10259
10258
10257
10257
10257
10255
10252
10252
10250
10248
10247
10247
10246
10244
10243
10243
10242
10242
10238
10237
10237
10235
10234
10233
10233
10233
10232
10231
10231
10230
10230
10229
10228
10228
10227
10226
10225
10225
10224
10224
10224
10222
10221
10218
10217
10215
10215
10214
10212
10212
10212
10210
10208
10208
10202
10202
10202
10199
10199
10199
10199
10197
10197
10194
10192
10191
10189
10189
10186
10186
10186
10183
10182
10180
10180
10179
10179
10179
10179
10179
10176
10176
10176
10175
10172
10172
10172
10172
10171
10170
10170
10168
10168
10167
10167
10167
10165
10164
10162
10161
10160
10159
10158
10158
10158
10155
10155
10155
10154
10153
10152
10151
10151
10149
10148
10148
10147
10145
10143
10143
10143
10142
10141
10141
10141
10139
10138
10138
10138
10138
10135
10135
10133
10132
10131
10130
10130
10129
10128
10128
10128
10128
10126
10125
10125
10125
10124
10124
10123
10123
10122
10122
10120
10118
10117
10115
10113
10112
10112
10111
10111
10110
10110
10109
10108
10107
10106
10105
10103
10102
10102
10101
10100
10099
10098
10097
10097
10096
10095
10094
10094
10093
10091
10090
10088
10087
10086
10084
10083
10083
10083
10082
10079
10078
10078
10078
10075
10074
10074
10073
10073
10070
10068
10067
10067
10067
10062
10061
10061
10061
10060
10060
10058
10058
10057
10057
10056
10056
10049
10048
10047
10046
10046
10044
10044
10042
10041
10039
10038
10037
10036
10036
10035
10035
10033
10033
10032
10031
10031
10031
10028
10027
10026
10024
10024
10023
10022
10022
10021
10021
10021
10020
10019
10018
10017
10017
10015
10015
10011
10011
10010
10009
10009
10008
10006
10005
10005
10004
10002
10001
10000
9999
9998
9997
9996
9996
9996
9995
9991
9991
9990
9990
9989
9989
9989
9987
9987
9987
9986
9985
9983
9983
9981
9978
9977
9976
9976
9976
9976
9975
9973
9973
9973
9972
9972
9972
9971
9971
9970
9969
9969
9969
9968
9967
9967
9966
9964
9964
9963
9963
9963
9961
9961
9960
9959
9957
9956
9956
9955
9955
9954
9953
9952
9952
9951
9950
9950
9949
9948
9946
9945
9945
9945
9944
9944
9942
9940
9939
9937
9935
9935
9934
9933
9931
9931
9930
9928
9928
9925
9925
9925
9925
9925
9923
9922
9922
9922
9920
9919
9917
9916
9915
9914
9912
9912
9911
9911
9911
9910
9909
9909
9908
9907
9907
9905
9903
9903
9902
9902
9902
9901
9900
9900
9898
9898
9891
9889
9888
9886
9886
9885
9883
9883
9882
9879
9877
9876
9876
9875
9874
9874
9872
9872
9871
9871
9869
9869
9869
9867
9866
9865
9865
9864
9863
9863
9862
9862
9861
9861
9859
9859
9859
9859
9857
9857
9856
9855
9854
9853
9853
9852
9852
9851
9851
9851
9849
9846
9844
9843
9843
9842
9841
9839
9837
9836
9835
9834
9834
9834
9832
9831
9830
9830
9829
9828
9825
9825
9825
9824
9824
9822
9822
9822
9822
9820
9819
9818
9817
9817
9817
9816
9816
9816
9815
9815
9812
9811
9810
9809
9809
9808
9808
9807
9807
9805
9805
9802
9800
9796
9796
9796
9796
9795
9794
9793
9792
9791
9791
9788
9788
9782
9782
9781
9781
9779
9777
9777
9776
9774
9774
9773
9773
9769
9768
9767
9767
9766
9766
9765
9765
9764
9763
9762
9762
9761
9760
9758
9757
9755
9755
9754
9753
9751
9751
9749
9744
9743
9743
9742
9742
9741
9739
9739
9738
9738
9738
9738
9737
9735
9734
9734
9732
9732
9731
9730
9729
9728
9727
9726
9720
9719
9717
9717
9715
9714
9712
9709
9708
9708
9706
9704
9704
9703
9703
9698
9698
9698
9698
9698
9697
9697
9697
9694
9694
9694
9692
9691
9690
9690
9690
9689
9689
9688
9688
9687
9685
9684
9682
9681
9679
9679
9679
9679
9678
9678
9677
9676
9676
9675
9675
9675
9674
9673
9673
9673
9673
9672
9671
9669
9669
9668
9668
9668
9666
9665
9665
9664
9664
9661
9657
9657
9657
9657
9655
9654
9654
9654
9653
9653
9652
9652
9651
9651
9650
9649
9649
9648
9647
9646
9645
9645
9645
9644
9644
9644
9643
9643
9642
9642
9641
9640
9640
9639
9638
9638
9638
9637
9636
9635
9635
9633
9633
9632
9632
9632
9631
9630
9629
9628
9628
9627
9626
9626
9625
9624
9624
9621
9621
9620
9617
9617
9616
9614
9613
9613
9612
9612
9611
9609
9607
9606
9605
9604
9604
9603
9603
9602
9601
9601
9601
9600
9599
9599
9598
9597
9596
9595
9595
9595
9594
9593
9592
9589
9584
9583
9576
9576
9576
9575
9575
9574
9574
9571
9570
9567
9565
9563
9563
9561
9561
9557
9557
9556
9556
9554
9553
9553
9552
9552
9549
9547
9546
9543
9541
9540
9539
9538
9537
9537
9536
9534
9534
9531
9530
9529
9529
9527
9527
9526
9524
9521
9521
9519
9517
9516
9515
9515
9514
9511
9510
9509
9507
9507
9506
9506
9506
9504
9504
9503
9501
9499
9499
9498
9498
9497
9495
9495
9495
9494
9494
9493
9491
9489
9489
9488
9488
9485
9483
9482
9482
9477
9476
9474
9473
9470
9470
9470
9469
9469
9468
9468
9466
9465
9464
9463
9463
9462
9462
9462
9462
9461
9460
9460
9458
9458
9458
9456
9455
9455
9454
9453
9452
9452
9451
9451
9448
9448
9447
9446
9446
9445
9445
9444
9444
9444
9442
9441
9440
9439
9439
9439
9438
9434
9434
9432
9431
9430
9429
9428
9427
9427
9422
9422
9422
9421
9421
9420
9417
9417
9416
9416
9415
9415
9414
9413
9412
9410
9410
9409
9409
9408
9407
9406
9402
9401
9401
9401
9400
9400
9397
9397
9396
9395
9395
9395
9394
9393
9393
9392
9387
9385
9384
9382
9382
9379
9377
9377
9376
9375
9375
9374
9372
9372
9372
9372
9371
9370
9367
9367
9366
9366
9365
9365
9365
9363
9361
9360
9359
9359
9356
9351
9350
9349
9349
9348
9347
9347
9346
9346
9344
9343
9341
9338
9338
9337
9336
9335
9334
9333
9331
9330
9329
9329
9327
9325
9323
9323
9322
9320
9317
9316
9316
9310
9310
9310
9309
9309
9307
9306
9306
9306
9304
9302
9300
9299
9298
9298
9298
9297
9296
9296
9296
9296
9295
9294
9293
9293
9292
9290
9289
9288
9288
9288
9286
9286
9284
9283
9283
9283
9283
9283
9280
9279
9279
9278
9278
9276
9276
9274
9274
9274
9274
9273
9272
9272
9269
9268
9267
9267
9267
9266
9263
9262
9262
9258
9257
9256
9255
9255
9254
9254
9254
9253
9253
9252
9251
9251
9250
9250
9248
9248
9248
9246
9246
9244
9241
9241
9239
9239
9237
9237
9237
9237
9236
9235
9234
9231
9231
9230
9229
9228
9227
9226
9225
9224
9224
9224
9221
9221
9218
9218
9214
9214
9213
9212
9211
9210
9210
9210
9210
9209
9207
9206
9205
9204
9203
9202
9201
9200
9199
9199
9196
9196
9196
9194
9193
9193
9192
9192
9191
9190
9188
9188
9186
9185
9185
9183
9183
9182
9182
9180
9180
9179
9179
9179
9178
9177
9177
9176
9173
9169
9169
9168
9165
9163
9160
9158
9155
9149
9148
9148
9147
9147
9145
9144
9144
9143
9141
9141
9139
9139
9138
9138
9136
9134
9132
9129
9125
9125
9124
9124
9120
9120
9119
9119
9118
9116
9115
9114
9114
9114
9113
9113
9112
9112
9111
9110
9110
9110
9109
9108
9106
9105
9104
9102
9102
9100
9100
9098
9096
9095
9095
9094
9092
9091
9091
9090
9088
9087
9083
9083
9081
9080
9078
9074
9074
9073
9072
9071
9071
9070
9070
9070
9070
9069
9069
9067
9067
9066
9066
9066
9066
9065
9065
9062
9061
9061
9060
9060
9059
9059
9059
9058
9053
9052
9051
9050
9048
9047
9046
9045
9044
9043
9042
9041
9041
9038
9034
9033
9033
9033
9032
9030
9030
9030
9030
9028
9028
9025
9025
9024
9023
9022
9021
9019
9018
9018
9018
9017
9017
9016
9014
9013
9011
9011
9010
9010
9009
9009
9008
9006
9004
9004
9003
9001
9000
9000
9000
8999
8998
8998
8997
8996
8996
8994
8992
8990
8989
8987
8987
8987
8986
8985
8985
8985
8984
8982
8981
8981
8980
8979
8975
8972
8972
8972
8970
8969
8969
8967
8967
8966
8966
8965
8963
8962
8962
8962
8962
8961
8961
8961
8960
8958
8956
8954
8950
8949
8949
8949
8949
8949
8948
8947
8946
8946
8945
8943
8943
8942
8941
8940
8938
8938
8938
8937
8936
8936
8935
8934
8933
8933
8932
8932
8931
8930
8929
8928
8928
8927
8926
8926
8925
8924
8921
8921
8921
8920
8920
8919
8919
8919
8917
8916
8916
8916
8915
8914
8910
8910
8906
8905
8901
8897
8897
8894
8893
8891
8889
8888
8887
8886
8886
8885
8885
8884
8883
8882
8881
8880
8878
8877
8875
8875
8873
8873
8872
8871
8871
8869
8869
8869
8866
8865
8865
8864
8863
8863
8862
8862
8861
8858
8857
8857
8857
8856
8856
8852
8852
8851
8849
8849
8848
8848
8848
8845
8845
8844
8843
8842
8842
8840
8840
8840
8839
8838
8838
8838
8837
8837
8834
8834
8834
8834
8833
8830
8829
8828
8827
8826
8825
8824
8822
8821
8819
8817
8817
8816
8815
8815
8814
8813
8812
8810
8810
8808
8807
8806
8806
8804
8803
8803
8802
8802
8802
8801
8800
8800
8800
8799
8798
8798
8798
8796
8795
8794
8794
8791
8788
8787
8787
8786
8785
8785
8785
8784
8782
8782
8782
8781
8780
8779
8774
8774
8771
8769
8767
8766
8766
8766
8766
8765
8762
8761
8761
8761
8760
8759
8759
8758
8757
8757
8757
8756
8756
8756
8756
8755
8754
8754
8754
8752
8751
8751
8750
8749
8749
8747
8746
8743
8742
8741
8741
8739
8738
8737
8736
8735
8735
8734
8733
8733
8732
8732
8731
8730
8727
8727
8727
8727
8725
8721
8721
8720
8720
8718
8717
8717
8717
8717
8716
8716
8715
8713
8712
8706
8706
8706
8701
8700
8700
8698
8698
8698
8697
8693
8692
8692
8692
8691
8691
8690
8689
8687
8687
8684
8682
8681
8681
8680
8680
8679
8678
8677
8674
8673
8672
8671
8669
8669
8667
8666
8666
8666
8665
8665
8665
8663
8662
8657
8655
8654
8654
8653
8652
8651
8651
8649
8649
8647
8646
8645
8644
8643
8643
8642
8642
8639
8637
8637
8635
8634
8633
8633
8633
8633
8632
8631
8630
8630
8630
8629
8629
8628
8626
8626
8625
8625
8624
8622
8621
8620
8619
8619
8617
8617
8616
8615
8611
8609
8608
8607
8607
8607
8605
8604
8603
8601
8601
8599
8597
8596
8594
8593
8592
8592
8591
8590
8589
8589
8589
8586
8586
8584
8584
8584
8584
8584
8583
8581
8581
8580
8579
8578
8576
8576
8575
8575
8574
8570
8569
8568
8568
8566
8566
8566
8565
8562
8560
8560
8560
8560
8560
8559
8558
8557
8556
8555
8553
8552
8550
8549
8549
8547
8546
8542
8541
8540
8540
8540
8538
8537
8537
8537
8536
8534
8533
8533
8532
8532
8530
8530
8530
8530
8527
8527
8525
8523
8523
8523
8520
8520
8519
8519
8519
8519
8518
8517
8514
8513
8513
8506
8504
8504
8503
8503
8501
8500
8499
8498
8496
8495
8493
8493
8493
8491
8490
8489
8488
8483
8482
8481
8480
8480
8479
8477
8477
8477
8476
8475
8475
8474
8472
8472
8472
8471
8470
8470
8470
8468
8468
8468
8466
8466
8464
8460
8460
8459
8459
8456
8456
8456
8454
8454
8454
8453
8451
8451
8450
8447
8446
8446
8446
8445
8445
8444
8442
8441
8440
8439
8439
8439
8438
8437
8434
8434
8433
8431
8429
8429
8428
8427
8427
8426
8424
8424
8423
8420
8419
8418
8418
8415
8414
8414
8413
8412
8411
8411
8411
8410
8408
8408
8406
8405
8403
8403
8402
8402
8401
8401
8401
8398
8398
8396
8395
8392
8391
8390
8390
8389
8388
8388
8384
8383
8381
8380
8380
8376
8376
8371
8370
8368
8368
8368
8368
8366
8366
8364
8364
8363
8363
8361
8360
8358
8357
8356
8356
8354
8353
8350
8348
8347
8347
8346
8345
8344
8343
8343
8342
8340
8339
8338
8338
8338
8337
8334
8334
8334
8333
8332
8331
8331
8330
8328
8328
8327
8327
8327
8326
8325
8325
8325
8324
8323
8321
8321
8319
8316
8314
8313
8312
8312
8311
8311
8311
8310
8310
8309
8307
8305
8305
8304
8303
8303
8302
8302
8302
8299
8299
8298
8298
8297
8296
8296
8296
8295
8295
8294
8294
8292
8292
8290
8290
8289
8289
8288
8288
8287
8287
8287
8285
8284
8283
8283
8282
8282
8282
8282
8282
8280
8279
8279
8279
8277
8277
8276
8276
8275
8275
8275
8274
8274
8273
8272
8271
8271
8270
8269
8269
8269
8266
8265
8264
8263
8262
8261
8261
8260
8259
8258
8257
8256
8254
8253
8253
8250
8248
8248
8248
8248
8247
8247
8245
8245
8245
8245
8242
8241
8239
8239
8237
8236
8236
8235
8235
8234
8234
8233
8232
8231
8231
8230
8230
8229
8227
8227
8227
8225
8224
8222
8220
8219
8217
8217
8217
8216
8215
8215
8214
8213
8212
8212
8212
8212
8209
8209
8207
8207
8206
8205
8204
8202
8201
8201
8201
8200
8197
8195
8195
8193
8193
8192
8191
8191
8190
8190
8190
8190
8189
8188
8188
8188
8186
8185
8184
8184
8181
8180
8179
8178
8178
8177
8175
8173
8173
8172
8172
8171
8170
8170
8169
8169
8167
8165
8165
8164
8163
8162
8161
8161
8159
8158
8158
8157
8157
8156
8156
8155
8153
8153
8151
8149
8149
8149
8148
8146
8145
8144
8142
8142
8142
8141
8140
8139
8137
8135
8134
8133
8133
8133
8130
8129
8129
8127
8124
8122
8120
8119
8119
8118
8117
8115
8114
8114
8114
8113
8111
8109
8109
8109
8108
8108
8108
8108
8107
8106
8106
8105
8104
8103
8103
8103
8102
8102
8101
8101
8099
8099
8099
8098
8098
8098
8096
8094
8093
8089
8087
8086
8084
8083
8081
8080
8079
8078
8076
8076
8076
8074
8074
8074
8073
8070
8070
8070
8066
8066
8066
8065
8065
8065
8063
8063
8062
8062
8061
8061
8061
8060
8060
8059
8056
8056
8055
8054
8051
8050
8050
8047
8046
8046
8046
8045
8043
8042
8041
8040
8040
8038
8036
8035
8035
8034
8033
8031
8031
8031
8030
8030
8029
8029
8028
8028
8028
8024
8024
8024
8018
8017
8016
8016
8015
8013
8013
8012
8012
8012
8012
8010
8009
8008
8007
8006
8005
8004
8002
8000
8000
7999
7997
7997
7996
7991
7991
7991
7991
7990
7989
7989
7988
7986
7984
7983
7983
7983
7981
7981
7981
7978
7978
7976
7975
7974
7973
7972
7970
7970
7969
7969
7968
7968
7968
7967
7967
7966
7966
7966
7962
7962
7960
7959
7959
7958
7957
7957
7956
7955
7955
7954
7954
7953
7949
7949
7949
7948
7947
7947
7947
7944
7944
7943
7943
7942
7942
7941
7939
7939
7938
7937
7937
7936
7936
7935
7934
7933
7933
7932
7927
7927
7926
7923
7922
7922
7922
7921
7920
7920
7920
7919
7918
7914
7913
7913
7913
7912
7912
7912
7912
7911
7911
7909
7907
7907
7907
7907
7904
7903
7902
7901
7899
7899
7897
7894
7894
7894
7894
7893
7893
7893
7893
7892
7892
7891
7890
7890
7889
7889
7887
7887
7885
7883
7881
7880
7880
7879
7876
7874
7874
7873
7870
7868
7868
7868
7868
7868
7868
7866
7866
7865
7863
7861
7861
7861
7860
7860
7856
7853
7853
7853
7849
7848
7847
7847
7846
7845
7844
7844
7841
7841
7840
7839
7837
7837
7836
7835
7834
7833
7830
7830
7830
7829
7829
7828
7826
7826
7826
7823
7823
7822
7822
7821
7820
7818
7818
7817
7815
7815
7814
7813
7813
7812
7812
7812
7810
7809
7808
7806
7800
7800
7799
7797
7795
7795
7794
7794
7793
7792
7791
7791
7790
7789
7789
7788
7787
7787
7787
7785
7784
7783
7782
7782
7781
7780
7780
7779
7779
7777
7777
7776
7775
7773
7773
7772
7768
7768
7767
7767
7767
7765
7765
7764
7764
7763
7761
7760
7760
7759
7759
7758
7757
7755
7755
7755
7754
7754
7750
7749
7748
7748
7748
7747
7743
7742
7742
7740
7739
7738
7736
7736
7736
7736
7735
7732
7730
7729
7728
7727
7724
7723
7723
7722
7721
7721
7720
7720
7718
7717
7717
7717
7716
7716
7713
7713
7708
7707
7706
7706
7706
7706
7703
7703
7700
7700
7697
7697
7697
7697
7696
7695
7693
7692
7692
7692
7692
7690
7690
7689
7688
7684
7683
7683
7681
7681
7680
7679
7679
7678
7677
7675
7675
7675
7674
7673
7673
7672
7671
7669
7667
7666
7664
7664
7662
7662
7662
7658
7658
7657
7653
7651
7650
7649
7649
7647
7645
7645
7644
7642
7640
7640
7638
7636
7636
7634
7632
7628
7627
7627
7625
7622
7620
7618
7618
7616
7615
7614
7614
7613
7613
7613
7612
7612
7612
7610
7609
7606
7605
7604
7603
7600
7600
7599
7597
7596
7596
7596
7595
7595
7592
7591
7590
7590
7588
7584
7584
7584
7584
7583
7583
7583
7582
7582
7582
7581
7579
7578
7576
7575
7575
7574
7574
7573
7573
7573
7570
7569
7569
7569
7569
7569
7568
7568
7566
7563
7562
7561
7560
7555
7554
7553
7553
7552
7552
7551
7550
7549
7547
7545
7544
7544
7544
7544
7544
7544
7543
7543
7542
7541
7540
7539
7539
7538
7537
7537
7537
7534
7534
7533
7533
7532
7530
7530
7528
7528
7527
7527
7526
7526
7524
7523
7522
7521
7520
7520
7519
7519
7518
7518
7517
7516
7516
7516
7515
7515
7515
7507
7506
7505
7504
7503
7501
7501
7501
7500
7499
7498
7497
7496
7496
7493
7490
7489
7489
7487
7486
7486
7486
7484
7484
7484
7483
7481
7481
7480
7479
7479
7479
7477
7476
7476
7474
7472
7471
7469
7469
7468
7467
7467
7466
7466
7466
7466
7464
7464
7463
7462
7462
7461
7460
7460
7459
7459
7457
7455
7452
7452
7452
7452
7452
7451
7449
7448
7447
7443
7441
7439
7439
7438
7438
7435
7433
7433
7432
7431
7429
7428
7427
7424
7424
7423
7422
7421
7417
7416
7416
7414
7414
7413
7409
7408
7407
7407
7406
7405
7404
7403
7402
7402
7401
7400
7397
7397
7397
7394
7393
7391
7391
7390
7389
7389
7388
7387
7384
7383
7383
7383
7383
7382
7381
7379
7378
7377
7376
7375
7373
7372
7371
7370
7369
7368
7368
7367
7367
7366
7366
7366
7362
7362
7361
7361
7361
7359
7359
7358
7357
7357
7357
7356
7355
7354
7354
7351
7351
7351
7350
7350
7350
7349
7348
7344
7344
7343
7342
7342
7342
7342
7341
7341
7339
7337
7335
7335
7334
7332
7332
7332
7330
7329
7328
7328
7326
7326
7325
7325
7324
7324
7324
7323
7323
7323
7322
7322
7321
7319
7318
7316
7314
7314
7312
7311
7311
7310
7310
7309
7307
7307
7305
7303
7302
7302
7301
7301
7300
7299
7297
7295
7294
7294
7292
7292
7292
7291
7285
7285
7284
7283
7282
7282
7282
7281
7280
7279
7276
7275
7273
7271
7269
7268
7268
7266
7265
7264
7264
7263
7261
7261
7261
7259
7259
7258
7256
7255
7254
7253
7252
7250
7249
7248
7248
7247
7247
7246
7243
7243
7242
7237
7234
7233
7232
7231
7230
7226
7224
7223
7221
7218
7218
7217
7217
7216
7213
7211
7210
7209
7209
7209
7207
7207
7205
7204
7203
7202
7202
7200
7199
7199
7199
7198
7196
7195
7194
7194
7193
7192
7190
7188
7187
7187
7187
7187
7186
7186
7185
7184
7182
7181
7180
7180
7179
7178
7176
7175
7175
7174
7174
7173
7173
7172
7169
7168
7168
7167
7166
7165
7165
7165
7165
7164
7162
7162
7162
7161
7160
7159
7157
7157
7156
7155
7153
7153
7153
7152
7152
7150
7150
7149
7149
7148
7146
7146
7146
7145
7145
7143
7143
7141
7140
7138
7136
7136
7135
7134
7134
7133
7133
7131
7131
7130
7129
7128
7128
7128
7127
7123
7122
7122
7121
7121
7119
7118
7116
7116
7114
7113
7112
7112
7111
7108
7107
7107
7106
7105
7100
7099
7097
7097
7096
7094
7094
7090
7089
7088
7087
7085
7085
7082
7082
7082
7082
7080
7080
7079
7078
7077
7074
7074
7074
7072
7072
7070
7070
7069
7069
7068
7067
7066
7065
7064
7063
7063
7061
7061
7061
7060
7059
7059
7057
7056
7054
7054
7051
7051
7051
7050
7048
7048
7047
7047
7047
7043
7043
7043
7042
7041
7040
7038
7036
7034
7032
7030
7030
7030
7029
7028
7027
7026
7026
7025
7024
7024
7022
7021
7021
7020
7020
7016
7015
7014
7013
7011
7010
7010
7009
7009
7009
7008
7007
7007
7006
7006
7006
7006
7006
7005
7005
7004
7004
7002
7001
7001
6996
6996
6995
6994
6994
6993
6992
6992
6991
6991
6991
6990
6989
6989
6988
6988
6986
6986
6985
6984
6983
6982
6982
6982
6981
6980
6979
6977
6977
6976
6976
6974
6973
6973
6973
6972
6972
6971
6971
6970
6969
6967
6966
6964
6963
6962
6961
6960
6960
6960
6960
6958
6957
6957
6957
6956
6953
6952
6949
6943
6943
6943
6943
6940
6940
6940
6939
6937
6937
6936
6934
6933
6933
6933
6932
6932
6930
6929
6928
6928
6927
6927
6926
6925
6924
6923
6921
6921
6921
6920
6919
6918
6917
6917
6915
6915
6914
6913
6909
6909
6909
6907
6906
6906
6902
6902
6901
6900
6898
6897
6892
6891
6890
6889
6888
6888
6888
6886
6885
6883
6883
6882
6880
6880
6879
6879
6878
6878
6878
6877
6876
6876
6873
6869
6869
6869
6869
6868
6867
6866
6862
6862
6861
6861
6859
6859
6858
6857
6856
6856
6855
6853
6851
6850
6850
6850
6848
6848
6848
6847
6845
6845
6844
6843
6843
6842
6841
6841
6841
6840
6839
6838
6838
6836
6833
6831
6828
6827
6826
6820
6816
6815
6815
6814
6814
6813
6810
6809
6807
6807
6805
6804
6804
6802
6801
6801
6799
6797
6793
6791
6790
6790
6788
6788
6788
6786
6785
6784
6784
6784
6782
6781
6780
6779
6776
6774
6774
6773
6772
6771
6771
6771
6768
6767
6767
6767
6766
6765
6765
6762
6762
6760
6760
6759
6759
6758
6756
6756
6756
6751
6751
6750
6750
6749
6749
6749
6748
6743
6743
6743
6742
6742
6742
6741
6741
6740
6740
6739
6737
6735
6734
6734
6731
6731
6730
6730
6728
6728
6728
6726
6725
6725
6724
6723
6720
6718
6718
6718
6717
6716
6716
6713
6712
6711
6711
6710
6710
6708
6707
6706
6706
6705
6703
6702
6702
6701
6700
6699
6699
6699
6697
6696
6695
6694
6694
6693
6692
6691
6687
6687
6687
6686
6686
6686
6686
6686
6685
6684
6683
6683
6680
6679
6678
6677
6676
6675
6674
6674
6673
6672
6671
6670
6669
6668
6667
6666
6662
6661
6658
6657
6656
6654
6654
6654
6653
6652
6652
6652
6651
6651
6649
6647
6647
6646
6644
6644
6642
6641
6640
6640
6639
6639
6637
6636
6636
6635
6632
6632
6626
6625
6621
6621
6620
6619
6615
6614
6614
6613
6612
6612
6612
6611
6609
6606
6606
6605
6605
6604
6603
6603
6602
6601
6601
6601
6599
6599
6595
6595
6593
6590
6590
6590
6589
6589
6587
6586
6585
6584
6583
6581
6580
6579
6579
6578
6578
6576
6574
6571
6569
6566
6565
6564
6564
6564
6563
6563
6559
6558
6556
6556
6555
6555
6553
6553
6552
6551
6551
6550
6550
6549
6548
6548
6545
6543
6541
6539
6536
6534
6533
6532
6531
6531
6528
6528
6527
6523
6521
6521
6519
6514
6514
6513
6512
6512
6512
6511
6511
6510
6510
6509
6509
6508
6506
6506
6505
6503
6503
6502
6502
6501
6501
6498
6498
6498
6496
6496
6493
6493
6491
6491
6490
6489
6488
6488
6488
6487
6487
6482
6482
6481
6481
6479
6478
6478
6472
6470
6469
6469
6467
6467
6466
6464
6463
6461
6461
6461
6460
6460
6460
6459
6459
6458
6457
6457
6456
6456
6455
6454
6453
6452
6452
6452
6450
6450
6450
6449
6448
6447
6445
6445
6444
6442
6439
6438
6434
6431
6428
6427
6426
6426
6426
6425
6425
6424
6423
6421
6420
6416
6414
6413
6410
6409
6408
6408
6408
6408
6407
6406
6405
6404
6402
6401
6400
6399
6393
6393
6392
6392
6391
6390
6390
6388
6388
6386
6386
6384
6384
6381
6380
6379
6378
6375
6375
6374
6374
6374
6373
6371
6369
6369
6369
6366
6364
6363
6362
6359
6359
6358
6358
6357
6357
6356
6355
6354
6352
6352
6349
6349
6348
6347
6347
6346
6345
6345
6344
6343
6343
6343
6342
6341
6340
6339
6339
6338
6334
6333
6333
6332
6332
6331
6331
6331
6330
6329
6328
6327
6326
6325
6323
6323
6322
6318
6318
6318
6317
6316
6314
6314
6313
6313
6312
6310
6309
6309
6308
6307
6306
6305
6305
6305
6304
6304
6302
6302
6302
6300
6300
6297
6297
6296
6295
6295
6294
6291
6289
6288
6287
6287
6286
6286
6285
6285
6285
6283
6283
6282
6281
6280
6279
6278
6278
6277
6276
6276
6274
6274
6272
6270
6269
6268
6267
6266
6266
6264
6259
6258
6257
6256
6255
6252
6249
6248
6247
6245
6244
6242
6239
6239
6239
6238
6237
6236
6236
6235
6235
6233
6231
6229
6229
6229
6227
6225
6223
6222
6220
6216
6214
6214
6213
6211
6210
6210
6208
6207
6206
6204
6204
6203
6202
6201
6200
6199
6198
6197
6193
6191
6191
6190
6189
6185
6185
6184
6184
6182
6182
6177
6177
6176
6175
6174
6174
6174
6173
6173
6173
6173
6171
6170
6169
6168
6168
6165
6165
6164
6163
6163
6161
6160
6160
6160
6159
6158
6157
6155
6153
6149
6149
6147
6146
6142
6141
6140
6140
6139
6139
6138
6137
6136
6136
6135
6133
6133
6132
6129
6127
6125
6125
6125
6125
6125
6124
6123
6123
6120
6118
6117
6117
6116
6116
6115
6115
6114
6114
6114
6112
6110
6110
6110
6109
6109
6108
6106
6106
6105
6104
6104
6104
6103
6103
6102
6102
6102
6101
6100
6100
6100
6099
6098
6098
6097
6095
6094
6094
6092
6091
6091
6089
6087
6087
6086
6086
6085
6085
6083
6083
6080
6078
6077
6077
6076
6075
6074
6074
6071
6071
6070
6070
6068
6067
6066
6064
6063
6062
6062
6058
6056
6055
6055
6055
6051
6049
6046
6046
6045
6044
6043
6042
6042
6039
6037
6037
6036
6034
6033
6033
6031
6031
6031
6030
6028
6028
6027
6025
6025
6023
6023
6022
6022
6022
6017
6016
6016
6016
6015
6014
6013
6010
6010
6008
6008
6007
6005
6004
6002
6000
5998
5997
5996
5995
5995
5993
5991
5991
5989
5988
5987
5985
5985
5983
5982
5979
5979
5978
5977
5970
5967
5967
5967
5967
5966
5963
5963
5963
5963
5962
5962
5962
5962
5961
5961
5958
5957
5956
5956
5954
5953
5952
5952
5952
5950
5946
5945
5943
5943
5941
5940
5940
5940
5940
5939
5939
5937
5937
5936
5935
5935
5934
5934
5933
5932
5930
5929
5928
5928
5927
5927
5927
5926
5925
5924
5924
5924
5923
5921
5921
5920
5920
5918
5917
5917
5914
5913
5913
5913
5912
5911
5910
5910
5907
5907
5905
5904
5901
5898
5898
5898
5897
5897
5894
5894
5893
5892
5892
5892
5892
5891
5890
5889
5889
5889
5888
5887
5886
5886
5884
5883
5879
5879
5877
5877
5877
5876
5876
5874
5873
5872
5869
5869
5865
5865
5865
5860
5857
5857
5857
5857
5856
5855
5853
5853
5853
5853
5852
5852
5851
5850
5850
5849
5846
5845
5844
5844
5843
5843
5842
5840
5834
5833
5832
5831
5830
5830
5827
5827
5827
5826
5825
5825
5824
5823
5821
5820
5820
5820
5819
5819
5818
5818
5816
5816
5816
5816
5815
5815
5815
5814
5813
5812
5812
5810
5808
5808
5807
5807
5807
5806
5805
5805
5804
5799
5799
5798
5797
5797
5795
5795
5793
5791
5790
5790
5788
5785
5785
5784
5782
5781
5777
5777
5776
5774
5774
5773
5772
5771
5771
5770
5769
5768
5768
5768
5768
5765
5764
5764
5764
5759
5759
5758
5758
5756
5755
5754
5753
5753
5751
5751
5749
5747
5746
5743
5743
5743
5742
5742
5738
5736
5734
5733
5730
5729
5727
5727
5726
5723
5722
5720
5719
5719
5719
5716
5715
5714
5713
5707
5705
5705
5704
5704
5702
5702
5699
5699
5699
5698
5697
5696
5695
5694
5694
5691
5691
5688
5687
5687
5685
5685
5684
5683
5682
5681
5681
5680
5679
5678
5677
5677
5676
5673
5673
5673
5671
5670
5667
5666
5666
5665
5665
5664
5663
5661
5658
5656
5656
5655
5653
5647
5647
5646
5645
5644
5643
5642
5641
5640
5639
5638
5638
5637
5636
5635
5634
5634
5631
5628
5627
5627
5624
5624
5623
5622
5619
5619
5617
5617
5616
5614
5614
5614
5614
5614
5613
5613
5613
5611
5611
5611
5610
5609
5606
5606
5606
5605
5604
5603
5603
5603
5602
5600
5599
5597
5595
5594
5594
5594
5594
5594
5593
5592
5592
5591
5591
5591
5590
5589
5587
5587
5586
5586
5586
5585
5585
5584
5584
5583
5582
5580
5580
5580
5580
5578
5577
5577
5576
5576
5576
5575
5575
5575
5574
5572
5571
5570
5565
5565
5564
5563
5563
5563
5562
5561
5558
5558
5558
5555
5551
5550
5549
5549
5549
5548
5548
5546
5545
5544
5541
5540
5539
5539
5537
5536
5535
5533
5532
5532
5529
5527
5527
5525
5524
5521
5516
5515
5513
5513
5510
5509
5507
5505
5502
5499
5498
5498
5497
5495
5495
5494
5494
5491
5491
5490
5490
5489
5489
5486
5486
5486
5481
5480
5479
5479
5479
5479
5478
5477
5476
5476
5476
5475
5474
5474
5474
5474
5474
5473
5471
5469
5468
5467
5465
5464
5462
5461
5460
5460
5459
5458
5457
5456
5455
5454
5454
5454
5452
5451
5449
5448
5448
5448
5447
5444
5444
5444
5443
5441
5440
5440
5439
5436
5435
5435
5434
5432
5432
5432
5431
5429
5428
5426
5426
5424
5423
5422
5419
5418
5416
5415
5415
5413
5411
5410
5409
5407
5405
5405
5404
5404
5397
5396
5395
5395
5395
5392
5392
5392
5392
5391
5391
5391
5390
5387
5386
5383
5380
5380
5379
5379
5379
5378
5375
5375
5373
5373
5372
5372
5371
5370
5369
5369
5367
5366
5366
5365
5364
5363
5363
5361
5360
5359
5359
5359
5358
5355
5354
5352
5351
5351
5351
5350
5350
5348
5348
5347
5347
5345
5343
5343
5341
5341
5340
5340
5335
5335
5334
5334
5333
5331
5328
5327
5327
5325
5325
5320
5320
5318
5316
5316
5312
5312
5306
5305
5305
5303
5302
5302
5301
5300
5300
5299
5298
5296
5295
5295
5294
5293
5293
5292
5292
5292
5291
5290
5290
5289
5287
5286
5286
5286
5285
5284
5284
5284
5283
5282
5281
5280
5280
5280
5279
5279
5279
5278
5278
5276
5276
5275
5274
5273
5272
5272
5271
5270
5270
5269
5267
5266
5266
5265
5264
5262
5261
5261
5261
5259
5259
5259
5258
5258
5258
5255
5253
5252
5250
5250
5248
5247
5246
5245
5244
5243
5242
5240
5238
5237
5236
5236
5234
5234
5234
5232
5230
5230
5230
5230
5229
5228
5226
5221
5220
5220
5219
5215
5215
5215
5215
5211
5210
5206
5204
5203
5203
5200
5197
5197
5194
5193
5193
5192
5192
5189
5189
5189
5187
5186
5186
5185
5184
5182
5182
5182
5180
5178
5178
5178
5177
5176
5176
5174
5173
5172
5172
5171
5170
5169
5169
5169
5168
5167
5166
5165
5164
5164
5163
5162
5157
5157
5157
5156
5154
5153
5151
5150
5150
5149
5147
5147
5146
5145
5144
5144
5143
5141
5141
5140
5140
5140
5139
5139
5138
5137
5137
5136
5136
5136
5133
5132
5127
5125
5124
5123
5123
5122
5122
5122
5121
5120
5120
5119
5118
5117
5117
5117
5114
5113
5111
5110
5108
5107
5105
5103
5103
5101
5100
5100
5094
5094
5092
5089
5088
5088
5087
5085
5085
5082
5082
5081
5077
5077
5076
5075
5075
5074
5073
5073
5072
5071
5071
5068
5066
5066
5065
5065
5064
5064
5064
5063
5062
5062
5062
5061
5061
5061
5060
5060
5059
5058
5058
5057
5057
5056
5054
5054
5052
5052
5051
5048
5047
5044
5043
5042
5042
5039
5038
5038
5037
5036
5036
5036
5035
5034
5033
5033
5033
5032
5032
5029
5028
5027
5027
5025
5024
5024
5022
5021
5019
5018
5017
5016
5014
5011
5010
5009
5008
5008
5006
5005
5004
5001
5000
4999
4999
4998
4996
4996
4995
4994
4994
4993
4992
4990
4987
4985
4983
4983
4980
4980
4980
4980
4979
4978
4978
4976
4976
4976
4974
4973
4971
4970
4970
4970
4970
4969
4967
4967
4966
4965
4965
4964
4963
4962
4962
4962
4960
4959
4955
4955
4954
4950
4944
4944
4943
4942
4942
4941
4941
4941
4939
4938
4937
4936
4935
4933
4932
4932
4931
4931
4930
4930
4929
4929
4927
4927
4926
4925
4924
4921
4921
4921
4921
4920
4919
4917
4917
4916
4912
4910
4910
4910
4907
4907
4906
4906
4905
4905
4905
4902
4900
4900
4900
4899
4899
4899
4899
4898
4895
4895
4895
4894
4893
4891
4891
4889
4884
4884
4883
4882
4879
4879
4879
4878
4877
4875
4874
4871
4870
4868
4868
4867
4866
4865
4864
4863
4862
4862
4862
4860
4858
4857
4855
4855
4854
4854
4852
4849
4845
4844
4842
4842
4842
4841
4839
4839
4838
4836
4836
4836
4835
4834
4833
4831
4830
4829
4827
4827
4826
4826
4822
4822
4821
4820
4820
4818
4817
4815
4814
4813
4813
4812
4809
4809
4809
4808
4808
4806
4804
4804
4804
4803
4802
4801
4801
4800
4798
4798
4798
4797
4797
4797
4795
4793
4793
4793
4793
4793
4792
4792
4791
4791
4791
4791
4790
4790
4788
4787
4787
4786
4784
4784
4783
4781
4781
4780
4779
4778
4777
4776
4773
4772
4772
4770
4770
4768
4765
4764
4764
4763
4763
4762
4762
4760
4760
4756
4755
4754
4754
4752
4751
4750
4748
4747
4747
4747
4746
4742
4742
4741
4740
4740
4740
4739
4734
4733
4732
4732
4732
4732
4731
4731
4730
4729
4728
4726
4726
4725
4725
4723
4722
4722
4721
4721
4720
4718
4717
4717
4716
4715
4714
4709
4709
4707
4706
4706
4704
4703
4702
4700
4700
4699
4699
4698
4694
4693
4691
4691
4690
4690
4689
4688
4686
4685
4684
4681
4681
4679
4678
4676
4676
4676
4675
4673
4673
4673
4671
4670
4669
4669
4669
4664
4662
4660
4660
4659
4657
4650
4649
4648
4647
4646
4646
4643
4642
4639
4637
4632
4631
4630
4627
4627
4625
4625
4624
4624
4624
4623
4622
4621
4621
4621
4619
4617
4617
4616
4616
4615
4614
4614
4611
4610
4609
4609
4609
4609
4608
4607
4606
4605
4605
4602
4602
4600
4597
4596
4595
4593
4593
4592
4592
4590
4589
4589
4587
4587
4585
4585
4584
4582
4582
4580
4576
4575
4571
4571
4570
4570
4568
4567
4567
4567
4567
4566
4565
4565
4565
4564
4563
4563
4562
4562
4561
4561
4560
4557
4557
4556
4556
4556
4555
4555
4555
4553
4552
4551
4551
4548
4548
4546
4546
4546
4545
4544
4543
4541
4541
4539
4538
4536
4536
4535
4534
4532
4531
4531
4528
4525
4525
4523
4522
4521
4520
4518
4518
4518
4517
4516
4516
4515
4515
4514
4514
4513
4513
4512
4511
4511
4510
4509
4509
4508
4507
4505
4501
4500
4493
4491
4489
4487
4486
4485
4485
4485
4485
4484
4483
4481
4481
4476
4476
4474
4474
4473
4471
4471
4470
4469
4466
4466
4466
4466
4465
4464
4463
4463
4462
4462
4461
4461
4460
4457
4454
4453
4449
4449
4447
4446
4446
4445
4444
4442
4442
4442
4441
4440
4438
4438
4435
4435
4434
4434
4433
4433
4432
4431
4431
4430
4430
4430
4428
4427
4426
4426
4423
4422
4419
4417
4416
4414
4410
4409
4408
4405
4403
4402
4400
4400
4398
4397
4397
4397
4397
4396
4396
4395
4393
4391
4390
4389
4388
4386
4386
4385
4383
4381
4380
4379
4379
4378
4377
4376
4376
4374
4373
4372
4370
4370
4369
4369
4368
4368
4368
4367
4367
4367
4366
4365
4364
4362
4361
4361
4361
4360
4359
4355
4354
4353
4352
4349
4348
4348
4347
4346
4346
4344
4344
4344
4343
4343
4343
4342
4341
4341
4341
4340
4338
4338
4337
4337
4336
4336
4333
4332
4332
4332
4331
4331
4329
4328
4327
4326
4325
4325
4325
4323
4322
4322
4321
4320
4319
4319
4318
4317
4317
4312
4311
4310
4310
4307
4306
4306
4306
4305
4302
4302
4299
4298
4297
4296
4294
4294
4292
4291
4290
4290
4290
4290
4289
4289
4288
4287
4287
4287
4283
4283
4282
4281
4280
4279
4278
4277
4276
4275
4273
4272
4272
4270
4270
4269
4269
4268
4267
4265
4265
4264
4263
4262
4261
4258
4258
4256
4254
4254
4253
4252
4251
4249
4249
4249
4248
4247
4245
4245
4244
4244
4242
4241
4240
4240
4238
4235
4235
4235
4235
4235
4234
4234
4233
4232
4229
4229
4229
4228
4227
4226
4226
4226
4225
4225
4222
4222
4221
4221
4220
4220
4220
4219
4218
4215
4214
4212
4211
4211
4210
4210
4209
4209
4208
4208
4207
4207
4206
4206
4205
4203
4203
4202
4202
4202
4200
4200
4197
4197
4195
4194
4194
4190
4190
4190
4187
4187
4186
4186
4186
4184
4184
4183
4182
4182
4182
4181
4180
4180
4179
4178
4176
4174
4174
4172
4171
4171
4169
4168
4165
4164
4163
4163
4162
4161
4160
4160
4160
4159
4159
4158
4157
4153
4153
4151
4149
4149
4147
4146
4145
4144
4143
4142
4142
4141
4140
4140
4139
4139
4138
4137
4136
4134
4133
4132
4132
4130
4130
4130
4130
4129
4128
4128
4128
4127
4126
4126
4124
4124
4123
4122
4122
4121
4121
4115
4115
4113
4113
4113
4111
4110
4109
4108
4105
4105
4104
4103
4102
4102
4101
4100
4100
4099
4098
4097
4094
4094
4093
4089
4089
4087
4084
4082
4081
4080
4079
4078
4078
4078
4078
4077
4077
4076
4076
4074
4072
4071
4070
4070
4070
4069
4069
4068
4065
4064
4063
4062
4061
4059
4057
4057
4055
4052
4050
4049
4049
4048
4048
4046
4045
4045
4045
4044
4043
4042
4041
4041
4040
4039
4039
4038
4037
4037
4036
4036
4034
4033
4032
4032
4031
4030
4030
4029
4028
4025
4025
4021
4020
4018
4018
4016
4014
4013
4013
4013
4011
4011
4010
4008
4007
4006
4005
4004
4002
4001
4000
3998
3997
3996
3994
3992
3991
3989
3988
3988
3988
3988
3986
3986
3986
3986
3985
3983
3981
3980
3975
3974
3974
3972
3969
3968
3967
3966
3965
3964
3964
3963
3963
3959
3958
3957
3957
3957
3955
3951
3949
3949
3948
3946
3946
3945
3944
3944
3944
3940
3939
3938
3938
3938
3937
3937
3937
3937
3935
3931
3930
3930
3930
3929
3927
3927
3926
3924
3923
3921
3921
3920
3920
3917
3917
3915
3914
3913
3912
3911
3911
3910
3910
3910
3910
3908
3908
3908
3905
3903
3902
3899
3898
3898
3897
3897
3896
3895
3894
3891
3889
3886
3885
3885
3884
3882
3881
3880
3878
3877
3876
3875
3875
3875
3873
3872
3872
3872
3872
3870
3869
3868
3868
3868
3867
3866
3865
3865
3864
3863
3863
3861
3861
3858
3858
3856
3853
3853
3853
3852
3850
3850
3850
3850
3846
3846
3845
3845
3845
3844
3844
3844
3843
3842
3841
3841
3840
3839
3839
3838
3838
3836
3835
3833
3833
3832
3831
3829
3828
3827
3827
3825
3825
3824
3824
3822
3821
3819
3819
3818
3809
3808
3807
3807
3806
3806
3803
3802
3801
3797
3796
3795
3794
3793
3793
3792
3792
3791
3790
3787
3785
3784
3784
3783
3782
3782
3781
3779
3777
3776
3775
3774
3774
3774
3773
3771
3765
3765
3765
3763
3763
3762
3759
3758
3754
3754
3753
3753
3752
3752
3752
3752
3749
3747
3746
3745
3741
3737
3736
3736
3736
3733
3731
3730
3729
3728
3723
3720
3719
3718
3718
3717
3717
3715
3715
3715
3715
3714
3713
3711
3711
3711
3710
3710
3707
3707
3706
3705
3703
3700
3699
3699
3699
3698
3698
3698
3696
3696
3696
3696
3693
3693
3692
3689
3686
3685
3684
3684
3683
3682
3682
3681
3681
3680
3680
3678
3678
3677
3676
3675
3675
3674
3673
3671
3671
3670
3670
3667
3667
3667
3667
3666
3666
3665
3665
3664
3662
3662
3660
3660
3660
3659
3659
3656
3656
3655
3654
3652
3651
3650
3648
3648
3647
3646
3645
3645
3643
3643
3642
3642
3641
3641
3640
3640
3637
3637
3636
3636
3635
3635
3635
3635
3635
3634
3633
3631
3630
3629
3629
3626
3624
3623
3621
3621
3620
3619
3619
3618
3617
3614
3612
3611
3610
3609
3608
3605
3604
3603
3602
3602
3602
3602
3600
3600
3599
3599
3599
3596
3594
3594
3594
3594
3593
3592
3589
3588
3588
3587
3587
3585
3585
3584
3583
3582
3582
3581
3581
3579
3578
3577
3575
3575
3574
3571
3571
3569
3569
3568
3565
3562
3560
3560
3560
3559
3558
3557
3556
3556
3556
3555
3555
3554
3554
3554
3551
3550
3547
3546
3546
3543
3542
3542
3541
3540
3539
3539
3537
3536
3532
3531
3530
3529
3529
3526
3525
3525
3521
3521
3519
3518
3518
3516
3512
3511
3509
3509
3508
3507
3507
3507
3506
3506
3504
3503
3502
3501
3501
3501
3499
3498
3497
3497
3495
3494
3493
3493
3493
3492
3491
3491
3490
3489
3487
3487
3487
3487
3486
3486
3485
3485
3481
3480
3478
3478
3477
3476
3474
3473
3472
3471
3470
3463
3460
3459
3459
3458
3458
3456
3456
3456
3456
3454
3454
3451
3451
3450
3450
3450
3449
3449
3448
3448
3447
3446
3442
3441
3440
3438
3438
3437
3435
3435
3434
3434
3433
3432
3430
3429
3428
3427
3427
3426
3426
3424
3422
3422
3422
3421
3420
3420
3419
3418
3417
3416
3416
3414
3413
3413
3411
3410
3410
3410
3409
3409
3409
3408
3402
3402
3402
3401
3401
3400
3399
3399
3398
3395
3394
3393
3392
3392
3390
3389
3388
3388
3387
3387
3386
3386
3383
3382
3382
3382
3382
3382
3381
3380
3380
3378
3375
3375
3375
3374
3373
3372
3372
3372
3371
3371
3371
3370
3370
3368
3367
3367
3364
3364
3363
3361
3361
3361
3360
3358
3358
3357
3355
3354
3354
3351
3351
3346
3345
3345
3343
3342
3342
3341
3341
3340
3340
3339
3339
3337
3337
3336
3336
3336
3335
3334
3333
3332
3330
3327
3327
3326
3325
3324
3323
3320
3319
3317
3316
3316
3315
3315
3313
3312
3311
3310
3310
3307
3307
3307
3306
3306
3305
3302
3301
3301
3301
3299
3298
3297
3297
3296
3296
3295
3295
3294
3294
3294
3293
3293
3293
3292
3289
3288
3288
3287
3285
3284
3283
3282
3282
3281
3277
3276
3276
3275
3274
3271
3271
3268
3268
3267
3267
3266
3263
3262
3262
3262
3261
3261
3260
3258
3258
3257
3255
3255
3255
3254
3253
3251
3251
3251
3249
3247
3247
3247
3247
3245
3245
3244
3242
3242
3241
3241
3240
3237
3237
3236
3236
3236
3234
3234
3233
3233
3233
3232
3232
3230
3229
3229
3229
3228
3225
3224
3222
3221
3218
3216
3216
3215
3215
3215
3214
3214
3212
3211
3210
3209
3209
3208
3208
3207
3207
3207
3206
3206
3204
3201
3199
3199
3198
3198
3198
3197
3196
3194
3194
3193
3193
3193
3193
3191
3190
3189
3185
3185
3184
3183
3183
3183
3182
3180
3180
3179
3179
3178
3176
3175
3172
3171
3171
3169
3169
3169
3168
3167
3166
3165
3163
3163
3163
3163
3163
3160
3159
3158
3157
3155
3153
3152
3151
3151
3150
3148
3147
3146
3146
3145
3144
3144
3143
3143
3142
3140
3140
3139
3136
3135
3135
3134
3134
3132
3132
3132
3132
3132
3131
3131
3129
3129
3128
3128
3122
3122
3122
3120
3117
3115
3112
3111
3110
3109
3109
3108
3106
3106
3105
3105
3104
3104
3103
3102
3102
3101
3101
3099
3097
3096
3096
3095
3095
3094
3092
3090
3088
3086
3085
3082
3081
3080
3080
3077
3077
3077
3077
3076
3075
3074
3074
3071
3071
3068
3068
3067
3065
3064
3063
3060
3060
3057
3057
3056
3055
3054
3053
3049
3049
3049
3048
3047
3047
3047
3046
3046
3046
3045
3045
3045
3042
3041
3041
3040
3040
3040
3037
3036
3035
3035
3034
3034
3033
3033
3032
3032
3031
3031
3030
3027
3026
3026
3025
3024
3023
3022
3022
3022
3020
3019
3018
3018
3018
3018
3018
3017
3016
3015
3015
3014
3013
3012
3012
3011
3010
3009
3008
3008
3007
3006
3006
3005
3004
3002
3002
3001
3001
3001
3000
2999
2999
2995
2995
2992
2992
2987
2987
2986
2986
2985
2983
2983
2983
2982
2976
2976
2976
2972
2971
2971
2970
2967
2967
2967
2967
2966
2965
2964
2963
2962
2962
2961
2960
2959
2956
2955
2954
2954
2953
2953
2952
2949
2948
2948
2946
2940
2938
2937
2937
2932
2931
2930
2929
2929
2928
2927
2927
2926
2926
2925
2924
2924
2923
2923
2921
2920
2919
2917
2913
2913
2912
2911
2911
2908
2906
2904
2904
2904
2901
2900
2899
2898
2896
2895
2894
2894
2894
2894
2893
2891
2891
2891
2891
2891
2890
2888
2888
2887
2887
2885
2885
2883
2882
2881
2881
2878
2878
2878
2874
2873
2872
2872
2870
2869
2868
2866
2865
2864
2860
2860
2859
2858
2858
2857
2855
2853
2852
2851
2851
2851
2850
2850
2850
2849
2848
2847
2846
2846
2846
2846
2845
2844
2842
2840
2840
2838
2838
2837
2834
2833
2832
2832
2831
2830
2830
2827
2826
2826
2826
2825
2824
2821
2820
2819
2817
2816
2814
2813
2813
2811
2811
2810
2809
2809
2809
2808
2808
2807
2807
2806
2802
2802
2800
2799
2798
2795
2795
2795
2794
2793
2791
2790
2789
2789
2788
2788
2788
2788
2788
2787
2786
2786
2786
2786
2785
2783
2782
2782
2780
2778
2776
2775
2775
2773
2773
2772
2771
2770
2769
2768
2768
2766
2762
2760
2756
2756
2755
2754
2753
2752
2752
2751
2750
2750
2749
2748
2748
2746
2744
2743
2742
2741
2741
2739
2738
2738
2737
2736
2736
2735
2735
2735
2735
2733
2733
2732
2728
2726
2726
2726
2723
2722
2722
2721
2720
2718
2718
2718
2718
2717
2716
2716
2715
2715
2711
2711
2711
2710
2709
2708
2707
2707
2706
2704
2699
2698
2697
2696
2695
2694
2694
2694
2693
2693
2691
2689
2687
2686
2686
2685
2685
2684
2679
2677
2676
2675
2674
2673
2673
2673
2671
2670
2670
2669
2668
2666
2666
2664
2662
2662
2662
2661
2661
2661
2658
2657
2656
2656
2655
2654
2654
2654
2654
2653
2652
2651
2650
2650
2649
2649
2648
2648
2647
2647
2647
2646
2645
2645
2645
2643
2640
2640
2639
2639
2639
2638
2636
2635
2635
2635
2634
2634
2633
2633
2631
2631
2631
2630
2628
2628
2626
2625
2625
2625
2625
2621
2620
2620
2618
2618
2617
2617
2616
2616
2615
2615
2615
2614
2614
2612
2612
2612
2611
2610
2610
2610
2610
2610
2608
2607
2607
2605
2605
2603
2603
2601
2598
2598
2597
2596
2594
2594
2593
2593
2593
2592
2592
2592
2590
2589
2589
2588
2587
2587
2586
2585
2582
2580
2580
2580
2579
2579
2578
2575
2572
2571
2571
2571
2571
2570
2570
2570
2570
2567
2567
2567
2566
2565
2565
2564
2564
2563
2562
2562
2561
2561
2559
2558
2558
2556
2556
2555
2554
2551
2550
2550
2550
2549
2548
2545
2544
2542
2542
2542
2542
2542
2540
2539
2537
2534
2533
2531
2531
2531
2531
2530
2529
2528
2527
2526
2525
2523
2523
2521
2520
2518
2517
2517
2517
2517
2516
2515
2514
2514
2512
2511
2510
2510
2509
2507
2506
2505
2505
2503
2503
2502
2502
2501
2501
2501
2500
2499
2499
2498
2497
2496
2496
2495
2495
2494
2494
2493
2492
2489
2489
2488
2488
2488
2488
2487
2486
2485
2484
2482
2482
2481
2477
2476
2476
2475
2474
2474
2473
2470
2470
2469
2468
2467
2467
2466
2463
2462
2461
2461
2460
2459
2459
2457
2456
2456
2454
2452
2451
2450
2449
2446
2446
2445
2443
2443
2443
2442
2440
2439
2438
2437
2437
2437
2437
2435
2434
2433
2433
2430
2430
2428
2428
2427
2427
2426
2425
2425
2424
2422
2420
2419
2418
2417
2412
2411
2411
2410
2410
2410
2409
2406
2405
2405
2403
2401
2400
2400
2399
2399
2397
2397
2396
2396
2395
2395
2395
2394
2393
2390
2389
2388
2388
2387
2386
2386
2382
2379
2375
2373
2371
2371
2369
2369
2368
2368
2368
2367
2366
2363
2363
2363
2357
2354
2354
2353
2352
2352
2351
2350
2348
2348
2347
2345
2344
2342
2342
2342
2341
2340
2340
2339
2336
2335
2335
2334
2331
2329
2327
2326
2325
2324
2322
2322
2321
2321
2319
2319
2317
2316
2315
2315
2315
2314
2313
2312
2311
2311
2311
2308
2307
2306
2304
2302
2301
2301
2300
2298
2297
2296
2295
2295
2294
2294
2293
2289
2288
2288
2287
2287
2287
2286
2286
2285
2284
2283
2283
2279
2277
2277
2277
2277
2275
2275
2275
2274
2272
2271
2270
2269
2269
2265
2265
2264
2264
2264
2263
2260
2259
2257
2256
2255
2251
2251
2251
2250
2249
2248
2246
2246
2246
2245
2243
2243
2243
2242
2241
2240
2239
2237
2237
2236
2235
2235
2235
2234
2234
2233
2231
2228
2225
2225
2221
2220
2220
2220
2219
2218
2217
2216
2216
2213
2211
2210
2210
2209
2207
2207
2207
2206
2206
2206
2205
2205
2200
2199
2197
2196
2196
2195
2195
2194
2193
2193
2193
2191
2190
2189
2188
2187
2186
2186
2186
2186
2185
2185
2184
2183
2183
2182
2182
2182
2181
2180
2180
2178
2178
2176
2173
2172
2172
2172
2171
2171
2167
2166
2166
2166
2164
2163
2162
2162
2162
2162
2161
2160
2160
2159
2159
2158
2157
2157
2157
2156
2156
2155
2155
2155
2155
2155
2155
2154
2154
2154
2153
2153
2151
2149
2146
2146
2144
2143
2141
2138
2138
2137
2135
2132
2132
2132
2131
2131
2130
2128
2127
2124
2124
2124
2124
2124
2122
2122
2121
2121
2120
2119
2119
2118
2117
2117
2117
2116
2115
2115
2115
2113
2111
2111
2109
2109
2108
2104
2104
2104
2103
2102
2101
2101
2100
2100
2099
2097
2096
2092
2092
2091
2088
2087
2087
2087
2086
2083
2083
2083
2082
2080
2072
2072
2071
2071
2070
2069
2065
2065
2062
2061
2061
2060
2059
2059
2058
2056
2054
2054
2052
2052
2051
2051
2050
2050
2048
2043
2043
2042
2041
2038
2038
2038
2037
2037
2037
2036
2036
2036
2032
2032
2031
2030
2030
2028
2027
2026
2025
2024
2024
2024
2023
2022
2021
2021
2018
2016
2015
2015
2013
2013
2013
2012
2011
2008
2008
2006
2006
2005
2005
2005
2004
2001
2000
1998
1997
1997
1994
1993
1993
1992
1991
1991
1989
1985
1983
1983
1982
1982
1982
1982
1979
1978
1978
1978
1977
1975
1975
1971
1970
1969
1969
1967
1967
1966
1965
1965
1964
1962
1961
1959
1958
1958
1957
1956
1955
1955
1954
1951
1951
1950
1949
1949
1949
1947
1947
1947
1946
1946
1944
1943
1943
1941
1940
1940
1936
1934
1933
1930
1930
1929
1928
1927
1927
1926
1926
1925
1923
1922
1922
1921
1920
1918
1918
1918
1917
1915
1914
1914
1913
1912
1911
1910
1910
1910
1909
1909
1907
1906
1905
1903
1902
1902
1901
1900
1899
1898
1898
1898
1898
1896
1896
1894
1894
1892
1892
1890
1890
1889
1888
1887
1887
1887
1884
1883
1883
1882
1882
1881
1879
1878
1878
1878
1876
1874
1874
1874
1873
1873
1873
1871
1868
1868
1868
1866
1865
1864
1863
1863
1859
1859
1858
1858
1857
1856
1854
1850
1850
1849
1849
1848
1848
1848
1847
1846
1846
1845
1844
1842
1842
1840
1839
1835
1835
1834
1831
1829
1828
1828
1827
1825
1824
1822
1822
1820
1819
1815
1814
1813
1813
1812
1811
1811
1809
1808
1808
1807
1805
1805
1805
1803
1801
1796
1796
1794
1794
1793
1792
1790
1788
1787
1786
1784
1784
1780
1780
1778
1777
1777
1777
1775
1775
1775
1774
1772
1772
1770
1769
1768
1768
1768
1768
1766
1765
1764
1763
1762
1760
1759
1758
1757
1753
1753
1753
1752
1751
1751
1748
1747
1747
1745
1744
1744
1743
1743
1743
1742
1742
1741
1740
1739
1738
1737
1736
1736
1733
1732
1732
1731
1730
1729
1729
1728
1727
1726
1725
1725
1724
1723
1722
1721
1721
1719
1716
1715
1715
1714
1712
1708
1708
1706
1705
1704
1703
1701
1701
1700
1700
1699
1699
1694
1693
1692
1691
1691
1691
1688
1686
1685
1685
1684
1684
1684
1684
1683
1683
1679
1678
1677
1677
1674
1673
1672
1672
1668
1668
1667
1667
1666
1665
1665
1665
1664
1661
1661
1657
1656
1656
1656
1655
1654
1654
1653
1653
1653
1652
1652
1652
1651
1648
1648
1646
1646
1645
1644
1644
1643
1642
1642
1642
1640
1638
1638
1637
1632
1631
1630
1630
1629
1628
1627
1623
1623
1621
1620
1618
1618
1616
1616
1614
1614
1613
1613
1613
1612
1611
1610
1609
1605
1605
1604
1604
1602
1597
1596
1593
1590
1589
1589
1588
1588
1587
1587
1587
1584
1581
1578
1577
1576
1576
1569
1568
1568
1565
1564
1564
1564
1563
1563
1562
1561
1560
1560
1557
1556
1556
1555
1555
1554
1554
1553
1553
1552
1551
1551
1547
1546
1546
1545
1541
1539
1537
1537
1537
1536
1535
1535
1534
1532
1532
1531
1531
1531
1531
1530
1528
1528
1528
1528
1527
1524
1522
1522
1522
1521
1521
1520
1520
1520
1519
1519
1519
1517
1517
1516
1516
1515
1514
1512
1510
1509
1509
1507
1506
1506
1504
1503
1501
1500
1497
1494
1493
1493
1492
1491
1491
1490
1488
1486
1486
1486
1485
1485
1484
1478
1477
1477
1477
1474
1473
1470
1469
1468
1466
1466
1465
1464
1463
1463
1461
1461
1459
1459
1458
1456
1456
1456
1456
1455
1455
1455
1453
1452
1451
1450
1449
1449
1448
1447
1447
1446
1444
1440
1439
1438
1437
1437
1437
1436
1431
1430
1430
1429
1429
1429
1427
1426
1425
1424
1424
1424
1418
1416
1415
1414
1414
1414
1413
1413
1412
1412
1411
1411
1409
1407
1406
1404
1403
1403
1402
1402
1401
1400
1396
1396
1396
1395
1394
1393
1392
1391
1390
1390
1389
1388
1387
1387
1386
1385
1384
1384
1384
1382
1380
1378
1378
1376
1373
1372
1372
1370
1370
1369
1366
1363
1363
1361
1361
1361
1361
1360
1360
1359
1359
1358
1358
1357
1356
1355
1355
1355
1355
1355
1353
1351
1351
1350
1349
1349
1349
1346
1346
1345
1345
1344
1344
1342
1341
1340
1340
1338
1336
1334
1330
1329
1329
1327
1324
1324
1323
1322
1322
1320
1319
1317
1316
1314
1314
1311
1310
1309
1308
1307
1307
1306
1306
1302
1302
1301
1301
1300
1300
1298
1298
1298
1295
1295
1295
1293
1293
1293
1293
1293
1289
1289
1288
1287
1286
1286
1284
1284
1284
1283
1281
1280
1278
1278
1278
1277
1277
1276
1276
1276
1275
1274
1274
1273
1273
1270
1270
1270
1269
1269
1268
1267
1267
1267
1266
1264
1263
1260
1260
1258
1257
1254
1254
1254
1249
1247
1247
1246
1244
1243
1242
1241
1240
1238
1238
1238
1238
1238
1238
1237
1235
1234
1233
1232
1231
1230
1230
1229
1228
1227
1226
1223
1222
1220
1219
1219
1219
1218
1218
1217
1216
1214
1214
1213
1213
1212
1211
1211
1209
1207
1205
1203
1203
1202
1202
1202
1202
1200
1200
1200
1198
1198
1197
1196
1195
1195
1192
1190
1189
1188
1188
1187
1187
1187
1187
1185
1185
1185
1183
1182
1182
1182
1179
1178
1178
1177
1177
1175
1174
1173
1172
1172
1172
1172
1171
1169
1169
1165
1165
1163
1163
1162
1162
1161
1160
1160
1158
1158
1157
1157
1157
1156
1155
1154
1153
1153
1153
1153
1152
1152
1150
1150
1149
1149
1148
1147
1147
1146
1144
1144
1143
1142
1141
1141
1140
1139
1138
1138
1136
1136
1135
1134
1134
1129
1128
1127
1127
1127
1126
1125
1124
1124
1121
1120
1120
1119
1118
1116
1113
1111
1108
1106
1105
1105
1104
1103
1102
1102
1096
1096
1095
1094
1093
1093
1092
1091
1090
1090
1088
1087
1087
1085
1085
1083
1080
1078
1078
1077
1075
1075
1074
1074
1074
1073
1071
1071
1070
1069
1069
1066
1062
1062
1061
1059
1059
1057
1057
1057
1056
1056
1055
1052
1052
1052
1050
1047
1044
1044
1042
1040
1038
1037
1035
1035
1031
1031
1031
1031
1031
1028
1027
1025
1025
1024
1024
1023
1023
1022
1021
1020
1019
1018
1018
1017
1017
1016
1016
1015
1013
1013
1012
1012
1012
1011
1010
1010
1008
1008
1007
1005
1004
1003
1003
1002
1000
1000
999
999
998
997
997
996
995
995
994
993
993
991
990
989
989
989
988
988
988
988
987
987
987
986
985
983
982
980
978
978
978
977
973
973
972
969
969
968
968
967
966
964
964
963
961
961
960
959
959
956
950
950
950
946
946
942
940
940
937
936
934
933
931
929
929
928
928
926
924
923
923
921
920
920
920
919
918
918
916
916
915
914
914
912
912
911
911
911
910
909
907
906
906
906
905
905
902
899
898
897
897
897
896
895
892
888
887
886
883
882
881
881
880
879
879
879
878
875
873
873
872
864
862
856
855
854
854
854
854
853
852
851
849
849
846
844
844
844
844
843
843
842
842
842
840
839
838
837
836
836
833
831
830
830
829
829
829
824
822
820
819
819
819
817
816
816
813
812
812
812
811
809
808
808
807
804
803
799
799
796
796
796
796
794
793
793
791
791
789
787
782
780
780
778
776
775
773
773
772
771
769
769
768
768
767
767
766
766
765
765
764
763
762
761
760
759
758
757
756
756
753
752
751
751
750
749
748
748
748
746
742
742
742
741
741
740
740
738
738
738
738
738
737
736
735
733
732
732
731
731
727
727
726
726
725
724
721
719
718
717
717
716
716
715
715
715
714
714
713
711
711
711
709
707
706
705
704
703
701
700
700
700
699
698
698
698
697
697
696
696
696
696
695
693
693
691
691
691
688
688
686
686
682
681
681
680
679
679
678
676
676
675
675
674
673
672
672
671
671
668
667
667
665
664
664
663
663
661
661
660
659
659
659
658
658
657
656
656
654
654
652
651
650
650
650
650
649
649
648
648
647
646
642
642
642
641
640
640
639
638
637
637
636
636
635
635
634
633
633
631
631
630
630
629
628
625
623
622
622
621
621
620
620
619
619
618
617
616
613
613
611
610
608
608
608
606
605
604
603
601
601
601
601
601
600
600
599
599
599
599
599
598
598
592
592
590
590
589
584
584
583
583
582
581
581
580
580
579
578
577
577
576
572
572
569
568
566
565
563
563
563
563
563
562
562
562
561
561
560
559
559
557
554
552
552
548
547
547
546
545
545
545
544
544
543
543
541
539
538
536
534
533
533
532
532
532
531
530
526
526
525
524
524
523
522
521
520
519
518
513
511
510
510
509
508
507
506
504
501
501
499
497
496
493
493
493
491
490
490
486
485
485
484
483
481
480
479
479
473
473
472
471
471
470
470
469
469
467
466
466
463
462
462
462
461
460
460
459
455
454
454
453
453
453
450
449
448
447
445
445
445
445
444
441
439
439
438
438
437
436
435
434
433
432
431
429
428
428
427
427
427
425
423
421
420
420
419
416
414
414
414
412
411
410
409
409
409
408
407
406
405
404
400
400
400
399
398
397
397
396
394
394
393
392
391
391
389
388
387
386
386
386
384
383
382
382
382
381
380
380
377
376
376
376
373
373
373
373
372
371
370
369
369
369
368
367
367
363
359
358
357
355
355
353
350
350
347
345
344
338
338
335
333
331
331
330
329
329
328
327
326
325
325
324
324
324
324
323
323
321
321
321
318
318
317
316
315
313
312
312
308
307
304
303
303
302
300
300
298
298
294
294
293
290
289
289
288
286
286
281
280
280
280
280
279
278
278
278
278
277
277
275
274
274
273
272
270
268
268
267
267
267
267
266
265
265
264
263
263
261
259
256
256
256
255
252
252
251
250
249
249
249
249
248
246
245
244
243
241
241
239
239
237
237
237
235
235
234
233
232
232
230
228
228
228
225
223
222
217
217
216
216
214
214
214
212
211
211
209
208
208
207
204
204
202
201
201
201
201
201
199
199
197
197
197
192
190
190
190
187
186
186
183
183
183
182
180
179
178
177
175
175
174
174
173
172
171
171
171
171
171
170
169
168
168
168
165
165
165
164
163
160
157
155
155
155
154
154
152
151
151
148
148
146
145
144
143
142
142
141
139
138
137
136
135
135
134
134
131
131
131
128
126
126
125
123
123
123
123
122
122
120
119
119
119
117
116
116
116
115
115
114
113
113
111
109
108
106
105
105
104
104
103
102
100
99
99
98
98
97
96
96
94
92
92
92
91
90
89
88
86
86
85
85
84
82
81
81
80
78
77
76
76
74
72
72
71
68
67
66
66
65
64
63
62
60
60
59
58
54
54
53
52
52
51
50
49
47
45
45
45
42
40
37
37
36
35
35
34
33
33
30
30
27
25
25
21
18
17
17
15
15
13
13
11
10
9
9
7
5
5
3
2
1
