12999
12999
12998
12997
12996
12995
12994
12994
12994
12993
12992
12991
12991
12991
12989
12989
12989
12988
12987
12987
12987
12987
12986
12986
12984
12982
12982
12981
12981
12980
12980
12979
12976
12976
12974
12972
12972
12970
12970
12970
12970
12970
12969
12967
12965
12965
12965
12964
12964
12964
12963
12963
12963
12963
12963
12962
12961
12960
12957
12956
12955
12954
12954
12954
12952
12952
12952
12951
12951
12950
12947
12946
12943
12942
12941
12938
12938
12936
12932
12932
12931
12930
12930
12930
12930
12929
12927
12927
12926
12926
12925
12924
12922
12921
12921
12921
12919
12919
12918
12917
12917
12915
12913
12913
12912
12909
12907
12907
12906
12905
12904
12902
12902
12900
12900
12899
12898
12897
12897
12895
12894
12892
12891
12886
12885
12884
12882
12881
12881
12881
12880
12875
12875
12874
12873
12871
12870
12870
12869
12869
12868
12868
12866
12865
12865
12865
12863
12862
12862
12862
12862
12862
12862
12861
12861
12861
12861
12861
12860
12860
12858
12857
12857
12856
12856
12855
12852
12852
12851
12851
12847
12846
12845
12844
12844
12843
12842
12840
12839
12839
12839
12838
12837
12833
12832
12831
12831
12831
12830
12830
12829
12827
12826
12824
12824
12823
12823
12822
12821
12819
12817
12813
12813
12812
12811
12809
12808
12808
12808
12807
12807
12806
12806
12805
12805
12803
12802
12800
12799
12799
12797
12797
12797
12797
12796
12793
12791
12791
12790
12790
12790
12789
12787
12787
12786
12785
12784
12784
12782
12777
12777
12776
12776
12775
12774
12773
12772
12771
12768
12766
12766
12765
12764
12764
12760
12758
12758
12758
12758
12757
12755
12755
12754
12753
12753
12752
12751
12751
12750
12749
12746
12746
12746
12745
12745
12743
12743
12743
12740
12737
12737
12736
12734
12734
12727
12726
12726
12726
12725
12724
12724
12724
12724
12724
12724
12723
12722
12722
12721
12720
12719
12718
12717
12716
12716
12716
12714
12714
12711
12711
12711
12711
12711
12711
12710
12710
12708
12708
12706
12706
12706
12705
12704
12702
12702
12701
12701
12700
12699
12699
12698
12696
12696
12694
12694
12694
12693
12693
12692
12691
12690
12690
12689
12689
12689
12689
12687
12687
12686
12686
12684
12682
12681
12681
12680
12680
12679
12679
12679
12678
12677
12676
12675
12675
12672
12672
12672
12671
12670
12667
12663
12663
12662
12661
12661
12656
12653
12651
12651
12651
12650
12647
12646
12645
12644
12643
12642
12641
12639
12639
12638
12637
12637
12636
12636
12634
12632
12629
12628
12626
12621
12621
12618
12618
12618
12617
12616
12616
12616
12615
12613
12612
12610
12610
12610
12610
12609
12608
12608
12606
12605
12603
12602
12601
12599
12599
12593
12590
12590
12589
12589
12589
12587
12587
12587
12586
12586
12585
12583
12582
12582
12581
12581
12579
12578
12573
12573
12573
12573
12572
12572
12567
12567
12566
12565
12563
12562
12561
12559
12559
12558
12557
12557
12555
12553
12553
12551
12551
12550
12550
12548
12548
12547
12546
12546
12546
12545
12542
12542
12540
12539
12539
12537
12537
12536
12535
12532
12531
12531
12531
12528
12527
12527
12527
12525
12524
12524
12523
12523
12521
12521
12521
12520
12520
12519
12512
12512
12509
12509
12507
12507
12506
12506
12501
12501
12500
12500
12496
12495
12494
12490
12489
12484
12484
12483
12483
12481
12480
12479
12477
12476
12475
12472
12472
12472
12471
12471
12471
12470
12470
12468
12467
12467
12466
12464
12463
12463
12463
12461
12461
12459
12457
12457
12457
12457
12455
12452
12451
12450
12448
12447
12443
12443
12442
12442
12441
12441
12441
12439
12439
12438
12438
12434
12432
12431
12430
12429
12428
12428
12427
12426
12425
12424
12424
12424
12423
12423
12421
12420
12419
12417
12416
12415
12415
12414
12413
12413
12412
12411
12411
12411
12410
12409
12408
12407
12406
12406
12405
12405
12404
12403
12402
12399
12399
12397
12397
12397
12396
12396
12394
12393
12391
12387
12387
12387
12387
12384
12384
12382
12380
12380
12380
12378
12377
12374
12373
12373
12373
12373
12372
12372
12372
12370
12370
12370
12369
12369
12365
12365
12364
12363
12363
12363
12362
12362
12360
12360
12359
12359
12359
12359
12358
12357
12356
12355
12354
12354
12354
12353
12353
12352
12352
12352
12351
12350
12349
12349
12348
12347
12344
12344
12343
12341
12340
12340
12340
12339
12339
12339
12338
12338
12337
12336
12336
12335
12332
12331
12331
12331
12331
12330
12329
12328
12326
12326
12325
12324
12322
12322
12321
12320
12320
12320
12320
12319
12318
12317
12317
12316
12315
12313
12312
12311
12311
12310
12305
12304
12304
12303
12301
12301
12300
12298
12297
12296
12296
12293
12292
12292
12292
12291
12291
12290
12290
12289
12287
12287
12284
12282
12282
12281
12280
12277
12276
12275
12275
12274
12273
12272
12272
12272
12271
12270
12269
12268
12268
12267
12266
12266
12266
12266
12265
12263
12258
12257
12255
12254
12254
12253
12253
12251
12250
12250
12250
12250
12249
12247
12247
12246
12245
12244
12243
12243
12240
12239
12238
12236
12236
12236
12234
12230
12229
12228
12227
12227
12226
12225
12223
12221
12221
12218
12216
12215
12212
12212
12211
12211
12209
12207
12206
12205
12204
12204
12200
12200
12198
12197
12197
12195
12194
12190
12189
12187
12186
12182
12182
12181
12180
12178
12175
12174
12174
12172
12172
12172
12171
12170
12170
12169
12169
12168
12167
12166
12166
12164
12164
12163
12162
12162
12162
12161
12159
12158
12157
12157
12156
12156
12155
12154
12152
12152
12150
12150
12149
12148
12147
12147
12144
12144
12143
12142
12142
12142
12138
12137
12137
12136
12134
12134
12133
12133
12133
12129
12129
12128
12127
12126
12125
12125
12123
12122
12122
12120
12119
12117
12117
12117
12114
12113
12113
12113
12112
12110
12109
12109
12108
12107
12107
12107
12106
12103
12101
12100
12100
12099
12098
12098
12098
12097
12097
12097
12097
12097
12096
12094
12093
12092
12092
12091
12090
12090
12088
12088
12088
12088
12087
12084
12083
12083
12079
12077
12076
12072
12071
12070
12070
12069
12068
12067
12066
12065
12065
12063
12062
12062
12062
12061
12060
12058
12057
12057
12057
12055
12054
12054
12053
12052
12051
12051
12050
12050
12049
12049
12047
12044
12044
12042
12042
12042
12041
12041
12040
12040
12038
12038
12037
12036
12035
12033
12032
12031
12030
12029
12029
12028
12027
12027
12026
12026
12026
12026
12024
12024
12022
12021
12021
12020
12020
12018
12016
12014
12013
12013
12012
12011
12006
12006
12005
12004
12003
12001
11999
11998
11997
11996
11996
11994
11993
11993
11992
11992
11991
11990
11989
11987
11987
11982
11981
11979
11978
11978
11978
11978
11975
11975
11974
11973
11973
11972
11972
11971
11970
11967
11965
11964
11964
11963
11962
11962
11960
11959
11958
11958
11957
11957
11954
11954
11953
11952
11951
11950
11949
11949
11948
11947
11946
11945
11944
11941
11941
11941
11940
11940
11938
11938
11936
11934
11933
11933
11933
11932
11931
11931
11930
11930
11929
11929
11928
11928
11928
11926
11925
11924
11924
11924
11923
11919
11919
11918
11917
11916
11916
11915
11913
11912
11912
11911
11910
11907
11907
11907
11905
11904
11902
11901
11901
11901
11899
11899
11898
11897
11896
11894
11893
11889
11888
11887
11887
11887
11886
11885
11884
11883
11882
11881
11879
11877
11875
11875
11875
11874
11874
11873
11871
11871
11870
11870
11869
11868
11866
11866
11865
11864
11864
11863
11862
11860
11858
11857
11857
11857
11856
11856
11855
11849
11848
11848
11848
11847
11845
11842
11842
11841
11841
11840
11838
11837
11837
11836
11836
11836
11834
11834
11832
11831
11830
11829
11829
11828
11825
11824
11824
11823
11822
11821
11821
11821
11820
11820
11820
11819
11819
11818
11818
11818
11817
11813
11812
11811
11808
11808
11807
11806
11804
11803
11800
11800
11799
11799
11798
11797
11796
11796
11794
11793
11790
11789
11788
11788
11788
11787
11786
11785
11784
11784
11783
11783
11782
11780
11780
11778
11777
11774
11773
11772
11770
11770
11768
11767
11766
11765
11765
11765
11765
11763
11761
11761
11760
11758
11758
11758
11755
11755
11754
11753
11753
11749
11748
11748
11746
11745
11744
11742
11742
11742
11741
11740
11740
11739
11738
11738
11737
11737
11737
11736
11734
11734
11734
11731
11730
11730
11727
11725
11724
11723
11722
11720
11720
11719
11719
11718
11718
11718
11716
11714
11714
11712
11712
11711
11711
11710
11709
11708
11707
11706
11704
11704
11701
11701
11699
11699
11698
11697
11696
11696
11695
11695
11694
11694
11693
11692
11692
11692
11692
11692
11691
11690
11688
11687
11687
11686
11685
11685
11685
11682
11681
11678
11678
11675
11674
11674
11672
11669
11668
11668
11667
11666
11664
11663
11662
11661
11658
11658
11657
11654
11654
11653
11651
11649
11649
11645
11644
11641
11640
11640
11640
11640
11639
11638
11638
11637
11637
11635
11633
11632
11630
11629
11629
11627
11627
11626
11624
11623
11623
11623
11621
11621
11620
11619
11615
11614
11614
11613
11611
11610
11610
11609
11609
11609
11608
11607
11607
11606
11606
11606
11604
11602
11602
11598
11598
11598
11595
11595
11595
11593
11593
11592
11591
11590
11587
11587
11587
11585
11585
11584
11582
11582
11582
11579
11578
11576
11575
11575
11574
11573
11573
11572
11572
11570
11569
11568
11568
11567
11565
11565
11564
11564
11564
11563
11562
11562
11561
11561
11559
11557
11557
11556
11556
11556
11556
11552
11551
11550
11549
11548
11546
11546
11544
11543
11543
11543
11541
11540
11539
11536
11535
11534
11534
11532
11532
11532
11531
11530
11529
11529
11528
11527
11527
11525
11523
11522
11521
11519
11516
11516
11514
11509
11508
11508
11507
11506
11505
11501
11501
11500
11500
11500
11499
11498
11497
11497
11496
11495
11492
11492
11492
11490
11489
11487
11485
11485
11482
11482
11482
11482
11480
11480
11480
11471
11468
11466
11466
11465
11465
11464
11464
11464
11463
11463
11463
11463
11460
11458
11458
11457
11457
11456
11455
11454
11454
11451
11451
11450
11449
11447
11446
11446
11444
11444
11444
11443
11442
11442
11442
11442
11441
11441
11441
11438
11436
11434
11431
11431
11428
11427
11426
11422
11422
11419
11419
11419
11419
11418
11418
11418
11418
11418
11416
11416
11415
11414
11411
11411
11410
11410
11406
11406
11404
11404
11404
11404
11404
11400
11398
11397
11394
11394
11394
11393
11393
11391
11390
11389
11388
11387
11385
11384
11383
11383
11378
11378
11378
11377
11376
11376
11376
11375
11374
11373
11370
11370
11369
11368
11367
11367
11365
11364
11364
11364
11361
11361
11360
11360
11360
11358
11357
11357
11357
11357
11356
11355
11354
11352
11348
11348
11346
11346
11345
11343
11342
11341
11341
11340
11336
11335
11333
11333
11333
11332
11332
11331
11329
11329
11329
11328
11327
11326
11325
11324
11323
11323
11322
11322
11321
11320
11318
11317
11314
11314
11314
11314
11313
11313
11308
11306
11304
11304
11304
11304
11303
11302
11301
11300
11300
11298
11298
11297
11297
11294
11293
11292
11291
11291
11290
11289
11289
11288
11287
11286
11286
11284
11284
11284
11282
11281
11281
11281
11281
11280
11280
11278
11278
11277
11275
11275
11274
11273
11272
11271
11269
11269
11269
11267
11267
11266
11265
11265
11264
11264
11264
11264
11263
11262
11261
11261
11260
11259
11258
11255
11255
11254
11254
11252
11251
11251
11250
11250
11249
11249
11246
11244
11243
11243
11240
11239
11239
11238
11237
11236
11235
11234
11233
11233
11231
11231
11231
11230
11229
11229
11228
11228
11227
11226
11226
11224
11223
11223
11222
11221
11220
11211
11210
11209
11209
11208
11208
11203
11203
11203
11202
11202
11202
11201
11200
11199
11197
11197
11196
11194
11192
11191
11191
11190
11189
11186
11185
11185
11184
11183
11182
11182
11179
11179
11168
11167
11167
11165
11165
11163
11162
11161
11161
11161
11161
11160
11158
11158
11158
11156
11155
11154
11153
11152
11151
11150
11149
11148
11147
11146
11146
11146
11146
11145
11141
11141
11141
11141
11140
11140
11140
11140
11139
11136
11135
11134
11134
11133
11132
11131
11129
11128
11125
11124
11123
11123
11119
11118
11117
11114
11112
11111
11111
11111
11109
11104
11103
11102
11102
11100
11098
11098
11097
11097
11096
11095
11094
11094
11094
11094
11094
11091
11090
11090
11089
11087
11086
11085
11085
11082
11082
11079
11078
11078
11078
11077
11076
11074
11073
11073
11072
11072
11071
11070
11069
11065
11065
11063
11063
11062
11062
11062
11061
11060
11060
11057
11057
11057
11054
11054
11052
11052
11052
11052
11049
11049
11049
11048
11047
11047
11044
11044
11041
11040
11040
11039
11038
11036
11036
11035
11035
11034
11033
11033
11031
11029
11027
11027
11027
11020
11020
11019
11019
11016
11015
11015
11014
11014
11013
11013
11012
11012
11011
11011
11010
11007
11006
11005
11004
11003
11002
11001
11001
11001
11000
10998
10997
10996
10995
10995
10993
10993
10992
10992
10991
10990
10990
10989
10986
10985
10983
10982
10978
10977
10977
10976
10975
10975
10974
10974
10973
10972
10971
10971
10970
10970
10968
10967
10965
10965
10964
10963
10962
10961
10961
10956
10953
10951
10951
10951
10949
10949
10946
10946
10946
10945
10943
10943
10942
10942
10938
10938
10938
10938
10937
10936
10935
10934
10933
10932
10932
10932
10931
10931
10928
10926
10926
10924
10923
10922
10920
10919
10917
10917
10915
10915
10915
10914
10914
10913
10913
10912
10908
10907
10905
10905
10899
10899
10898
10897
10896
10895
10895
10895
10893
10891
10890
10889
10888
10888
10888
10887
10887
10887
10885
10884
10881
10878
10878
10876
10875
10875
10874
10870
10870
10869
10868
10867
10867
10866
10865
10865
10864
10864
10864
10862
10861
10861
10860
10860
10859
10859
10857
10856
10855
10853
10853
10852
10851
10850
10848
10848
10848
10847
10847
10847
10847
10845
10841
10841
10841
10838
10838
10838
10835
10835
10835
10834
10834
10833
10833
10829
10828
10827
10827
10825
10824
10824
10824
10823
10822
10821
10819
10816
10815
10813
10813
10812
10809
10809
10809
10808
10806
10805
10803
10800
10800
10799
10798
10798
10798
10797
10796
10794
10793
10793
10792
10792
10791
10790
10789
10789
10787
10786
10786
10785
10784
10784
10784
10784
10783
10782
10781
10781
10780
10780
10779
10778
10777
10777
10774
10774
10771
10770
10769
10768
10767
10765
10763
10763
10759
10756
10755
10754
10750
10749
10748
10748
10746
10745
10743
10743
10742
10742
10742
10742
10741
10740
10738
10737
10737
10737
10735
10735
10735
10734
10733
10730
10728
10728
10727
10726
10725
10724
10724
10724
10723
10723
10723
10723
10722
10722
10722
10721
10721
10719
10718
10716
10715
10714
10714
10712
10712
10710
10709
10708
10705
10705
10705
10705
10704
10702
10702
10702
10702
10701
10700
10697
10695
10695
10693
10693
10692
10691
10689
10689
10687
10687
10686
10686
10685
10685
10683
10682
10677
10676
10676
10675
10674
10673
10673
10673
10672
10671
10671
10671
10670
10669
10669
10667
10666
10666
10665
10663
10663
10661
10661
10660
10660
10660
10659
10658
10657
10656
10655
10654
10652
10652
10652
10651
10650
10650
10650
10649
10648
10648
10646
10641
10640
10640
10639
10636
10636
10634
10633
10629
10628
10627
10623
10623
10623
10622
10621
10621
10619
10619
10616
10613
10612
10612
10611
10609
10609
10606
10602
10601
10600
10600
10598
10597
10596
10595
10595
10595
10595
10595
10594
10593
10593
10592
10592
10590
10589
10589
10587
10587
10586
10586
10585
10584
10584
10582
10581
10581
10580
10578
10577
10576
10576
10574
10572
10572
10571
10570
10570
10569
10569
10567
10567
10567
10566
10564
10561
10561
10558
10554
10553
10549
10549
10549
10549
10548
10547
10545
10545
10545
10544
10540
10540
10538
10538
10537
10537
10537
10532
10531
10531
10530
10529
10529
10528
10527
10526
10525
10523
10522
10522
10520
10520
10517
10516
10513
10512
10510
10509
10508
10508
10507
10507
10506
10503
10503
10501
10499
10497
10496
10496
10495
10494
10492
10492
10492
10491
10490
10488
10488
10487
10487
10485
10485
10483
10481
10481
10480
10480
10479
10478
10477
10476
10476
10475
10475
10474
10473
10473
10471
10471
10468
10467
10467
10467
10466
10465
10465
10464
10463
10458
10457
10456
10453
10450
10450
10448
10447
10447
10446
10446
10442
10440
10440
10438
10438
10438
10437
10437
10437
10437
10434
10434
10434
10434
10433
10432
10430
10430
10429
10429
10428
10425
10424
10424
10421
10417
10416
10415
10413
10413
10412
10411
10410
10408
10408
10408
10406
10406
10406
10406
10404
10403
10403
10401
10401
10400
10399
10394
10393
10392
10391
10386
10381
10380
10380
10379
10377
10373
10373
10371
10371
10370
10368
10367
10366
10365
10364
10363
10363
10361
10361
10360
10360
10360
10360
10358
10358
10355
10355
10354
10353
10352
10351
10350
10350
10349
10349
10349
10347
10347
10346
10345
10344
10343
10343
10343
10342
10341
10341
10340
10338
10338
10335
10335
10335
10334
10333
10332
10332
10331
10331
10331
10330
10329
10327
10327
10326
10325
10325
10323
10323
10322
10322
10318
10318
10315
10314
10314
10312
10311
10309
10308
10307
10306
10303
10296
10296
10295
10295
10294
10293
10292
10291
10291
10290
10286
10284
10283
10282
10281
10280
10278
10276
10272
10271
10269
10269
10269
10268
10267
10267
10266
10264
10263
10262
10260
10260
10256
10250
10250
10249
10248
10248
10247
10245
10243
10243
10242
10241
10240
10239
10239
10238
10238
10237
10237
10237
10235
10234
10234
10233
10233
10231
10231
10230
10229
10227
10226
10225
10225
10222
10222
10221
10220
10220
10220
10218
10218
10215
10215
10214
10214
10213
10213
10212
10212
10212
10212
10212
10211
10211
10211
10210
10210
10210
10209
10208
10207
10206
10202
10201
10201
10199
10198
10197
10197
10196
10194
10191
10187
10187
10185
10185
10185
10185
10184
10182
10182
10180
10179
10178
10176
10175
10175
10175
10172
10172
10171
10169
10168
10168
10166
10166
10166
10166
10165
10161
10160
10159
10159
10158
10158
10153
10152
10151
10150
10149
10149
10148
10146
10146
10145
10142
10142
10142
10137
10137
10136
10134
10131
10131
10130
10129
10127
10127
10126
10125
10123
10123
10122
10122
10122
10122
10121
10121
10119
10119
10118
10117
10117
10116
10114
10114
10111
10109
10108
10105
10104
10104
10104
10104
10104
10102
10101
10101
10101
10100
10100
10099
10098
10097
10097
10095
10095
10095
10095
10093
10092
10091
10090
10089
10088
10087
10085
10082
10081
10081
10077
10077
10075
10074
10074
10072
10071
10070
10069
10068
10066
10064
10063
10062
10062
10060
10059
10059
10059
10058
10056
10056
10056
10056
10054
10051
10050
10047
10046
10043
10043
10042
10042
10039
10038
10038
10038
10038
10037
10037
10037
10036
10036
10036
10035
10035
10034
10033
10032
10032
10030
10030
10029
10028
10027
10027
10026
10025
10023
10023
10022
10021
10021
10020
10020
10020
10016
10016
10014
10013
10012
10011
10009
10008
10008
10006
10006
10005
10004
10004
10003
10001
10000
9999
9999
9997
9997
9996
9993
9991
9991
9991
9991
9991
9990
9989
9989
9989
9989
9988
9987
9987
9986
9985
9984
9984
9982
9982
9981
9980
9979
9976
9975
9974
9973
9972
9972
9968
9968
9965
9963
9963
9961
9961
9959
9959
9959
9958
9958
9956
9954
9953
9953
9949
9949
9948
9948
9947
9941
9941
9940
9937
9937
9937
9937
9936
9936
9936
9936
9935
9935
9935
9934
9934
9933
9932
9931
9930
9930
9929
9926
9926
9926
9926
9926
9926
9926
9925
9922
9922
9921
9921
9921
9921
9920
9919
9918
9918
9916
9916
9913
9912
9912
9911
9910
9910
9907
9907
9906
9905
9904
9904
9902
9902
9902
9900
9900
9899
9897
9896
9895
9894
9894
9893
9892
9892
9892
9888
9886
9886
9884
9884
9884
9883
9882
9879
9876
9876
9876
9875
9875
9874
9873
9872
9871
9870
9866
9865
9865
9862
9862
9861
9861
9861
9861
9861
9860
9860
9858
9855
9855
9853
9852
9850
9849
9847
9847
9846
9846
9846
9846
9844
9843
9842
9838
9838
9836
9835
9834
9834
9833
9832
9829
9827
9827
9827
9826
9826
9825
9825
9823
9823
9820
9820
9820
9819
9815
9814
9814
9813
9811
9810
9810
9809
9809
9807
9807
9801
9799
9797
9796
9796
9795
9794
9794
9794
9793
9791
9791
9790
9790
9789
9787
9782
9782
9781
9779
9779
9775
9774
9772
9770
9770
9770
9769
9769
9768
9768
9766
9765
9764
9763
9761
9761
9759
9758
9758
9758
9757
9756
9754
9752
9751
9750
9750
9748
9748
9745
9744
9743
9742
9741
9741
9734
9732
9732
9731
9731
9729
9729
9728
9728
9727
9725
9723
9722
9720
9719
9717
9714
9714
9711
9710
9710
9708
9706
9706
9706
9703
9702
9701
9700
9700
9700
9700
9698
9697
9695
9695
9694
9694
9694
9694
9693
9692
9692
9692
9690
9689
9685
9684
9684
9684
9683
9681
9681
9679
9679
9677
9675
9675
9675
9674
9674
9674
9674
9672
9671
9670
9668
9664
9661
9661
9658
9658
9656
9656
9655
9654
9653
9653
9651
9651
9649
9649
9648
9647
9642
9641
9641
9641
9641
9641
9641
9640
9640
9637
9635
9635
9633
9632
9632
9632
9631
9631
9629
9628
9628
9628
9628
9627
9627
9626
9625
9624
9623
9623
9622
9622
9621
9620
9620
9620
9615
9615
9614
9612
9611
9611
9610
9609
9608
9608
9607
9607
9605
9604
9602
9602
9599
9599
9597
9597
9594
9593
9593
9592
9592
9592
9591
9590
9590
9589
9589
9588
9587
9586
9586
9585
9584
9582
9579
9579
9579
9577
9577
9576
9575
9574
9573
9572
9571
9571
9571
9570
9570
9568
9568
9568
9568
9566
9564
9563
9562
9562
9561
9561
9561
9560
9557
9553
9550
9548
9546
9543
9542
9542
9541
9541
9541
9538
9537
9537
9537
9537
9535
9532
9532
9532
9531
9531
9531
9530
9530
9529
9527
9526
9525
9522
9520
9520
9518
9516
9516
9516
9513
9512
9511
9508
9508
9508
9508
9507
9507
9505
9504
9503
9502
9501
9501
9501
9499
9499
9497
9497
9496
9496
9493
9492
9491
9490
9490
9485
9485
9485
9483
9481
9477
9477
9477
9476
9475
9475
9472
9471
9471
9471
9469
9468
9468
9466
9466
9464
9464
9461
9459
9459
9457
9456
9454
9453
9451
9451
9450
9449
9449
9448
9446
9446
9444
9444
9443
9442
9440
9439
9439
9439
9438
9437
9437
9436
9436
9436
9435
9435
9433
9433
9432
9432
9431
9431
9431
9429
9429
9428
9427
9427
9424
9424
9422
9421
9420
9419
9416
9412
9409
9409
9408
9408
9405
9404
9403
9403
9401
9398
9396
9396
9396
9395
9395
9392
9392
9392
9391
9391
9390
9388
9387
9387
9385
9384
9383
9382
9380
9380
9380
9378
9377
9377
9377
9375
9374
9372
9371
9370
9369
9368
9368
9367
9366
9365
9364
9364
9362
9361
9359
9359
9359
9358
9354
9353
9353
9353
9351
9351
9350
9349
9348
9348
9348
9347
9344
9343
9343
9342
9342
9342
9339
9334
9333
9330
9329
9328
9328
9328
9326
9326
9325
9325
9323
9323
9322
9322
9321
9320
9320
9318
9317
9313
9313
9312
9311
9309
9308
9308
9306
9306
9305
9305
9304
9304
9302
9297
9296
9295
9293
9293
9290
9290
9289
9287
9286
9286
9285
9284
9284
9283
9282
9282
9281
9281
9281
9280
9280
9277
9274
9273
9273
9272
9272
9272
9271
9271
9270
9270
9268
9267
9267
9267
9265
9264
9264
9260
9260
9259
9259
9258
9258
9257
9257
9257
9256
9255
9255
9255
9255
9254
9253
9252
9252
9251
9251
9251
9248
9243
9242
9242
9241
9241
9240
9240
9239
9239
9237
9237
9236
9236
9234
9234
9233
9232
9230
9227
9221
9220
9220
9217
9216
9216
9216
9215
9214
9214
9213
9213
9212
9211
9211
9210
9209
9208
9207
9206
9206
9204
9203
9203
9201
9200
9197
9196
9195
9195
9192
9192
9192
9191
9187
9187
9187
9186
9184
9183
9182
9179
9177
9175
9174
9174
9174
9173
9173
9172
9172
9171
9171
9171
9171
9165
9164
9162
9160
9159
9159
9158
9157
9157
9157
9156
9155
9154
9154
9154
9154
9153
9152
9152
9152
9147
9147
9145
9145
9144
9144
9144
9143
9143
9140
9139
9139
9138
9138
9134
9134
9134
9131
9130
9130
9129
9129
9128
9128
9127
9127
9126
9125
9124
9124
9123
9122
9122
9122
9121
9121
9120
9120
9119
9117
9116
9115
9113
9111
9110
9109
9108
9106
9105
9105
9105
9105
9100
9100
9099
9098
9097
9096
9096
9096
9096
9096
9095
9094
9093
9093
9092
9090
9089
9089
9087
9083
9081
9081
9077
9074
9071
9068
9067
9067
9067
9067
9065
9064
9063
9062
9062
9061
9061
9061
9060
9060
9058
9058
9057
9057
9057
9056
9054
9053
9051
9051
9050
9049
9049
9046
9045
9043
9043
9042
9038
9037
9037
9036
9036
9036
9034
9032
9031
9031
9029
9027
9027
9025
9024
9022
9022
9021
9021
9021
9020
9019
9018
9013
9010
9008
9007
9006
9005
9005
9005
9004
9003
9003
9001
9000
9000
8996
8995
8994
8994
8990
8988
8987
8984
8984
8984
8982
8981
8981
8978
8977
8976
8974
8974
8974
8974
8973
8970
8969
8969
8968
8968
8967
8967
8967
8964
8962
8962
8962
8961
8959
8958
8956
8955
8955
8954
8954
8953
8951
8950
8950
8949
8948
8948
8948
8946
8946
8942
8942
8941
8941
8941
8941
8940
8939
8939
8937
8937
8937
8937
8937
8935
8934
8934
8933
8932
8931
8929
8928
8928
8927
8926
8925
8925
8924
8923
8922
8914
8914
8913
8913
8913
8912
8912
8912
8910
8909
8908
8908
8907
8907
8906
8906
8906
8905
8905
8905
8904
8903
8903
8903
8900
8899
8898
8898
8896
8896
8895
8895
8892
8892
8891
8890
8889
8889
8888
8888
8887
8886
8886
8886
8885
8885
8884
8884
8883
8880
8879
8879
8878
8877
8876
8876
8875
8874
8873
8872
8871
8870
8869
8865
8864
8862
8862
8861
8860
8859
8858
8857
8857
8857
8855
8854
8854
8853
8852
8850
8848
8847
8845
8843
8843
8842
8842
8841
8840
8837
8836
8836
8835
8834
8834
8833
8832
8831
8830
8828
8827
8826
8825
8825
8825
8825
8825
8824
8824
8822
8820
8820
8819
8819
8818
8818
8815
8813
8812
8811
8809
8809
8808
8808
8808
8807
8806
8806
8806
8805
8803
8801
8801
8800
8796
8796
8793
8792
8791
8791
8791
8790
8788
8788
8788
8787
8787
8787
8786
8783
8783
8780
8780
8780
8779
8778
8775
8775
8774
8772
8772
8771
8770
8770
8765
8765
8763
8760
8758
8757
8757
8754
8753
8752
8750
8749
8748
8747
8746
8744
8743
8742
8742
8741
8739
8739
8738
8737
8735
8734
8731
8730
8729
8729
8726
8725
8724
8724
8721
8720
8718
8716
8716
8715
8714
8714
8713
8712
8712
8710
8709
8706
8706
8704
8704
8704
8703
8702
8701
8701
8701
8699
8698
8698
8698
8697
8697
8697
8696
8696
8694
8693
8693
8693
8691
8691
8691
8690
8690
8688
8687
8687
8686
8686
8685
8685
8685
8682
8680
8680
8680
8679
8676
8675
8675
8675
8675
8674
8674
8674
8673
8671
8670
8670
8668
8667
8667
8664
8664
8663
8662
8661
8658
8658
8658
8656
8656
8656
8656
8656
8656
8656
8655
8655
8650
8650
8649
8646
8645
8644
8642
8640
8640
8639
8638
8638
8637
8637
8636
8636
8635
8634
8634
8633
8632
8632
8632
8630
8630
8628
8624
8623
8623
8621
8620
8619
8619
8618
8618
8618
8617
8615
8613
8612
8612
8611
8609
8608
8607
8607
8605
8605
8603
8603
8603
8602
8602
8601
8600
8600
8600
8599
8599
8594
8594
8593
8593
8593
8593
8590
8590
8590
8590
8589
8588
8586
8584
8583
8583
8583
8582
8581
8581
8580
8580
8580
8577
8576
8573
8572
8570
8570
8570
8568
8566
8565
8564
8563
8562
8562
8561
8556
8556
8555
8553
8550
8550
8548
8547
8546
8545
8544
8543
8536
8536
8536
8535
8535
8532
8530
8528
8527
8527
8527
8526
8525
8524
8522
8521
8521
8520
8518
8516
8516
8514
8513
8512
8512
8512
8510
8508
8507
8507
8505
8499
8499
8498
8498
8497
8497
8497
8496
8496
8495
8494
8493
8490
8489
8489
8488
8488
8487
8484
8483
8482
8481
8480
8480
8479
8478
8478
8476
8476
8474
8474
8474
8473
8470
8467
8466
8464
8463
8463
8462
8462
8462
8461
8458
8458
8457
8456
8453
8452
8452
8452
8451
8450
8449
8448
8445
8445
8444
8442
8441
8441
8436
8435
8435
8435
8434
8434
8433
8431
8431
8431
8428
8428
8426
8426
8425
8424
8423
8423
8421
8420
8420
8419
8416
8412
8412
8410
8410
8409
8409
8408
8407
8407
8407
8402
8401
8401
8400
8397
8397
8396
8395
8394
8394
8393
8390
8390
8390
8389
8389
8387
8382
8380
8378
8377
8377
8377
8376
8375
8375
8374
8374
8373
8373
8371
8371
8371
8371
8371
8371
8370
8370
8367
8367
8366
8365
8364
8364
8364
8364
8361
8361
8360
8359
8358
8357
8357
8357
8357
8357
8355
8355
8352
8352
8350
8350
8350
8348
8347
8346
8346
8346
8346
8343
8342
8341
8340
8340
8336
8336
8334
8334
8333
8332
8332
8331
8330
8330
8330
8327
8326
8325
8323
8323
8320
8320
8320
8319
8315
8314
8314
8312
8311
8308
8308
8305
8304
8302
8302
8301
8299
8296
8296
8296
8295
8294
8293
8292
8292
8291
8289
8289
8288
8287
8287
8285
8285
8283
8283
8282
8278
8278
8275
8274
8273
8273
8273
8272
8269
8269
8266
8266
8266
8265
8263
8262
8262
8261
8259
8259
8259
8257
8255
8255
8254
8254
8253
8253
8253
8252
8252
8250
8250
8246
8244
8244
8243
8242
8242
8238
8237
8235
8233
8233
8233
8231
8229
8228
8228
8226
8223
8223
8223
8222
8222
8222
8221
8221
8219
8219
8218
8217
8216
8216
8216
8214
8211
8211
8211
8211
8209
8209
8208
8208
8207
8207
8205
8205
8204
8204
8204
8204
8204
8203
8203
8202
8202
8199
8199
8198
8197
8192
8191
8190
8190
8189
8188
8187
8187
8187
8186
8186
8184
8184
8181
8180
8180
8178
8176
8175
8175
8175
8174
8172
8170
8169
8169
8169
8169
8169
8169
8168
8168
8167
8167
8165
8165
8164
8163
8163
8162
8159
8159
8159
8158
8153
8153
8152
8152
8150
8150
8150
8150
8149
8149
8149
8149
8147
8147
8143
8143
8142
8140
8140
8139
8138
8138
8138
8137
8137
8137
8136
8136
8134
8134
8133
8132
8130
8130
8129
8129
8126
8126
8125
8124
8123
8122
8121
8121
8121
8120
8118
8116
8116
8114
8114
8113
8113
8112
8109
8108
8108
8107
8107
8107
8106
8105
8104
8103
8101
8101
8099
8097
8094
8094
8092
8092
8091
8091
8089
8088
8087
8085
8084
8082
8080
8076
8076
8076
8074
8073
8072
8070
8069
8068
8067
8067
8062
8062
8062
8062
8061
8060
8060
8059
8058
8058
8057
8057
8057
8055
8055
8055
8054
8053
8051
8051
8050
8049
8049
8047
8047
8046
8046
8045
8045
8044
8043
8041
8039
8039
8038
8036
8036
8036
8036
8036
8035
8035
8033
8033
8031
8031
8030
8029
8028
8027
8027
8024
8024
8024
8024
8024
8023
8022
8022
8020
8020
8019
8018
8018
8018
8017
8017
8016
8014
8013
8012
8011
8010
8010
8008
8008
8007
8006
8005
8005
8004
8004
8004
8004
8003
8003
8002
8002
7995
7994
7994
7993
7993
7992
7989
7988
7988
7988
7987
7985
7985
7984
7982
7982
7981
7980
7977
7976
7975
7973
7973
7973
7973
7972
7972
7971
7971
7970
7969
7968
7967
7966
7965
7965
7962
7961
7960
7959
7959
7958
7958
7956
7955
7954
7953
7953
7942
7939
7938
7937
7936
7935
7933
7933
7933
7933
7932
7930
7928
7927
7925
7923
7922
7920
7920
7914
7914
7914
7911
7911
7909
7909
7909
7908
7907
7907
7902
7901
7900
7900
7900
7900
7899
7898
7898
7894
7893
7892
7889
7889
7888
7887
7886
7886
7884
7884
7884
7883
7881
7880
7875
7874
7873
7872
7872
7871
7871
7871
7870
7870
7870
7870
7868
7868
7866
7866
7866
7866
7865
7863
7862
7861
7861
7860
7859
7859
7858
7857
7857
7857
7856
7855
7854
7851
7851
7850
7848
7847
7846
7845
7845
7844
7841
7840
7839
7837
7836
7836
7833
7832
7831
7827
7826
7825
7825
7824
7824
7823
7822
7822
7821
7820
7819
7818
7818
7816
7815
7814
7813
7812
7811
7811
7810
7810
7806
7805
7805
7803
7803
7801
7799
7799
7797
7797
7797
7796
7796
7796
7794
7793
7791
7791
7787
7786
7785
7783
7782
7781
7781
7780
7780
7779
7778
7778
7775
7775
7774
7774
7774
7773
7773
7772
7772
7768
7768
7767
7765
7765
7764
7763
7763
7762
7761
7760
7759
7759
7759
7756
7756
7754
7748
7747
7744
7743
7741
7740
7740
7739
7736
7736
7734
7734
7733
7733
7733
7731
7731
7730
7730
7728
7728
7728
7727
7726
7725
7725
7725
7724
7724
7723
7723
7722
7721
7720
7719
7717
7716
7716
7716
7715
7714
7714
7714
7713
7712
7709
7709
7707
7704
7704
7703
7702
7702
7701
7697
7697
7696
7696
7695
7694
7692
7691
7691
7690
7688
7688
7687
7686
7686
7686
7686
7685
7684
7683
7682
7681
7681
7681
7677
7677
7674
7674
7673
7671
7670
7670
7669
7668
7667
7666
7666
7666
7666
7664
7663
7662
7661
7661
7661
7659
7658
7657
7657
7656
7656
7655
7655
7654
7654
7653
7652
7650
7646
7644
7644
7644
7642
7641
7635
7635
7634
7633
7633
7632
7630
7629
7629
7628
7627
7626
7626
7624
7624
7624
7623
7621
7620
7619
7617
7616
7616
7614
7614
7614
7614
7613
7612
7611
7610
7610
7610
7607
7606
7606
7600
7598
7598
7597
7597
7596
7596
7595
7595
7593
7591
7591
7587
7586
7585
7584
7584
7583
7583
7582
7581
7578
7578
7576
7575
7572
7570
7569
7569
7568
7565
7565
7565
7564
7563
7562
7562
7560
7558
7558
7558
7556
7553
7552
7551
7544
7544
7543
7542
7541
7539
7539
7535
7533
7533
7532
7531
7530
7529
7528
7527
7527
7526
7525
7525
7524
7524
7523
7522
7522
7520
7519
7519
7519
7519
7517
7517
7517
7516
7516
7515
7515
7514
7514
7514
7514
7513
7512
7512
7512
7511
7510
7510
7509
7509
7508
7506
7505
7505
7505
7505
7504
7504
7502
7501
7501
7501
7500
7500
7500
7497
7497
7495
7493
7491
7490
7489
7487
7486
7485
7485
7485
7485
7482
7481
7481
7481
7480
7475
7471
7470
7469
7468
7468
7467
7466
7465
7465
7464
7464
7463
7462
7462
7461
7460
7459
7459
7458
7458
7457
7457
7457
7457
7456
7454
7452
7451
7448
7447
7443
7443
7442
7442
7441
7440
7440
7435
7435
7434
7434
7432
7431
7430
7429
7428
7427
7427
7425
7424
7423
7422
7422
7421
7420
7417
7416
7416
7413
7413
7412
7411
7411
7410
7410
7409
7409
7408
7407
7406
7404
7403
7403
7403
7398
7397
7396
7396
7394
7394
7393
7393
7393
7392
7392
7391
7389
7387
7386
7385
7385
7384
7384
7384
7383
7380
7380
7380
7379
7379
7378
7377
7376
7376
7376
7375
7375
7374
7370
7368
7368
7367
7367
7365
7364
7363
7361
7359
7359
7357
7355
7354
7352
7351
7349
7348
7345
7344
7344
7343
7343
7339
7338
7338
7336
7334
7331
7330
7330
7329
7329
7327
7327
7327
7327
7326
7324
7323
7322
7322
7321
7320
7320
7319
7318
7318
7317
7315
7315
7315
7314
7314
7312
7312
7309
7308
7308
7307
7307
7306
7305
7304
7302
7302
7300
7300
7298
7296
7295
7295
7294
7294
7293
7293
7293
7293
7292
7292
7288
7288
7284
7283
7282
7281
7281
7281
7279
7279
7277
7277
7276
7274
7274
7270
7269
7268
7266
7264
7264
7263
7263
7261
7260
7259
7258
7257
7256
7256
7254
7251
7250
7250
7249
7249
7246
7246
7245
7243
7241
7240
7239
7238
7238
7238
7238
7237
7237
7233
7232
7232
7232
7231
7229
7228
7226
7222
7221
7221
7221
7220
7219
7219
7219
7218
7218
7217
7216
7214
7214
7213
7211
7209
7209
7208
7208
7206
7206
7206
7202
7201
7201
7200
7198
7197
7197
7197
7194
7194
7194
7193
7188
7186
7185
7185
7185
7184
7184
7183
7183
7183
7182
7181
7178
7177
7175
7174
7173
7173
7172
7172
7172
7171
7169
7168
7168
7168
7168
7167
7167
7167
7166
7165
7165
7164
7164
7163
7162
7159
7159
7158
7157
7155
7155
7154
7154
7152
7151
7150
7150
7149
7148
7148
7145
7145
7145
7144
7139
7136
7135
7135
7135
7135
7133
7133
7133
7133
7132
7132
7128
7128
7125
7123
7123
7121
7120
7117
7117
7116
7114
7114
7112
7111
7110
7109
7108
7108
7108
7106
7104
7104
7103
7100
7100
7095
7095
7092
7092
7091
7091
7091
7090
7086
7086
7085
7085
7083
7083
7083
7082
7081
7080
7080
7080
7078
7073
7072
7070
7067
7067
7064
7063
7061
7061
7061
7061
7060
7060
7059
7058
7054
7054
7053
7052
7051
7051
7050
7049
7049
7048
7047
7044
7044
7043
7043
7042
7042
7041
7040
7040
7038
7037
7035
7035
7033
7032
7032
7031
7028
7028
7028
7027
7026
7026
7023
7022
7021
7020
7020
7019
7019
7017
7016
7016
7014
7014
7014
7013
7012
7011
7008
7007
7006
7006
7005
7005
7004
7004
7003
7002
7001
7001
7000
6999
6998
6997
6996
6995
6994
6994
6993
6991
6989
6987
6985
6984
6984
6983
6983
6982
6980
6980
6979
6976
6974
6973
6973
6972
6971
6971
6970
6968
6966
6965
6965
6965
6965
6962
6962
6962
6961
6960
6959
6957
6957
6956
6955
6954
6953
6953
6953
6951
6949
6948
6948
6948
6948
6947
6945
6944
6943
6941
6941
6941
6941
6941
6941
6939
6938
6937
6937
6935
6935
6934
6933
6932
6931
6928
6927
6927
6923
6920
6919
6918
6916
6915
6914
6914
6914
6912
6912
6911
6909
6908
6905
6905
6904
6902
6902
6902
6899
6898
6898
6897
6896
6896
6890
6890
6888
6888
6887
6884
6882
6881
6879
6879
6879
6879
6878
6877
6875
6874
6871
6871
6871
6871
6869
6869
6869
6869
6864
6862
6861
6861
6860
6857
6856
6853
6853
6852
6851
6850
6847
6847
6847
6846
6846
6845
6841
6841
6840
6838
6838
6837
6835
6834
6833
6832
6831
6831
6831
6830
6829
6827
6827
6826
6825
6825
6822
6819
6819
6817
6816
6815
6813
6812
6812
6811
6811
6811
6810
6809
6808
6808
6806
6806
6806
6805
6804
6801
6801
6801
6800
6798
6797
6795
6795
6791
6790
6790
6790
6789
6787
6785
6784
6783
6782
6781
6781
6780
6780
6778
6777
6776
6773
6773
6773
6771
6771
6771
6770
6769
6769
6768
6768
6768
6767
6767
6765
6763
6763
6762
6762
6761
6760
6759
6759
6758
6757
6756
6756
6756
6753
6753
6752
6751
6750
6750
6748
6748
6747
6744
6744
6744
6744
6743
6743
6742
6742
6741
6739
6738
6737
6737
6735
6733
6727
6727
6725
6724
6723
6723
6722
6721
6719
6719
6718
6718
6716
6715
6714
6710
6710
6709
6709
6709
6708
6708
6708
6707
6707
6706
6706
6705
6705
6703
6702
6700
6699
6699
6699
6698
6698
6698
6695
6695
6694
6694
6692
6689
6688
6687
6687
6687
6686
6685
6685
6685
6684
6683
6683
6683
6682
6682
6680
6680
6678
6678
6677
6675
6675
6674
6673
6672
6672
6671
6671
6670
6669
6667
6666
6665
6665
6663
6663
6662
6662
6661
6660
6659
6659
6656
6655
6654
6653
6650
6648
6647
6646
6645
6645
6642
6641
6641
6639
6638
6638
6636
6635
6635
6635
6634
6632
6632
6630
6629
6629
6628
6626
6625
6625
6625
6624
6624
6624
6623
6623
6621
6619
6618
6617
6615
6615
6614
6611
6609
6606
6606
6605
6603
6603
6603
6602
6601
6600
6599
6597
6596
6596
6594
6594
6594
6592
6592
6592
6591
6591
6590
6587
6587
6587
6586
6585
6585
6584
6584
6584
6583
6582
6582
6580
6580
6579
6577
6576
6576
6573
6572
6572
6570
6569
6568
6567
6567
6564
6564
6564
6563
6562
6562
6561
6560
6559
6559
6558
6557
6556
6553
6551
6551
6550
6550
6549
6548
6548
6547
6547
6546
6545
6544
6544
6544
6543
6543
6540
6540
6537
6537
6537
6537
6535
6529
6529
6528
6525
6525
6525
6523
6522
6522
6521
6521
6520
6520
6520
6518
6517
6516
6514
6514
6510
6509
6508
6507
6506
6505
6505
6503
6501
6501
6499
6499
6498
6497
6496
6496
6496
6495
6494
6492
6492
6491
6489
6487
6487
6486
6485
6484
6483
6483
6483
6481
6481
6480
6480
6479
6476
6474
6472
6471
6471
6469
6464
6463
6463
6461
6461
6458
6455
6454
6453
6453
6452
6452
6450
6448
6447
6447
6447
6446
6446
6446
6443
6443
6440
6440
6438
6437
6435
6434
6434
6433
6432
6432
6430
6430
6430
6429
6425
6425
6422
6421
6420
6420
6418
6415
6414
6414
6414
6413
6413
6412
6412
6411
6410
6409
6409
6406
6406
6405
6403
6403
6400
6399
6399
6398
6397
6396
6395
6394
6392
6392
6392
6391
6390
6390
6389
6388
6387
6385
6383
6382
6382
6382
6382
6380
6378
6376
6375
6372
6372
6372
6372
6371
6369
6368
6366
6365
6365
6365
6364
6363
6363
6362
6362
6361
6361
6358
6358
6358
6357
6356
6355
6354
6353
6352
6352
6351
6347
6346
6346
6346
6345
6345
6341
6338
6337
6336
6334
6332
6331
6330
6328
6327
6327
6325
6325
6325
6322
6321
6318
6317
6317
6317
6316
6316
6315
6315
6315
6314
6312
6310
6309
6309
6308
6308
6308
6308
6308
6307
6306
6306
6305
6304
6303
6301
6300
6300
6299
6299
6294
6292
6292
6292
6290
6290
6288
6288
6287
6284
6284
6284
6283
6283
6282
6281
6280
6280
6279
6278
6277
6276
6276
6276
6275
6275
6274
6272
6272
6272
6271
6270
6268
6266
6264
6263
6263
6262
6261
6259
6259
6257
6257
6256
6256
6247
6246
6246
6245
6244
6244
6242
6242
6233
6233
6233
6232
6232
6231
6231
6231
6230
6230
6230
6226
6224
6223
6223
6222
6220
6220
6215
6215
6210
6210
6210
6208
6208
6207
6207
6205
6205
6205
6203
6201
6201
6200
6199
6198
6198
6198
6196
6195
6192
6190
6190
6190
6189
6188
6187
6186
6185
6185
6184
6184
6183
6181
6179
6178
6177
6174
6173
6171
6170
6170
6169
6167
6164
6162
6159
6158
6158
6157
6155
6155
6154
6154
6153
6151
6151
6151
6149
6147
6146
6146
6146
6145
6145
6140
6139
6139
6138
6136
6135
6135
6135
6132
6131
6128
6127
6127
6127
6124
6123
6122
6118
6117
6115
6115
6115
6115
6113
6113
6111
6111
6109
6109
6109
6108
6107
6106
6106
6105
6105
6104
6101
6101
6100
6099
6098
6098
6093
6092
6092
6092
6090
6089
6088
6086
6086
6084
6083
6083
6082
6082
6080
6079
6077
6076
6076
6076
6076
6075
6074
6074
6072
6070
6069
6068
6066
6065
6064
6064
6063
6063
6061
6061
6061
6060
6060
6059
6058
6057
6055
6054
6054
6053
6052
6050
6050
6047
6046
6045
6043
6040
6037
6037
6034
6032
6031
6030
6029
6029
6028
6028
6028
6027
6026
6026
6026
6026
6024
6024
6021
6020
6017
6016
6016
6015
6015
6014
6013
6013
6013
6012
6012
6010
6010
6008
6008
6008
6007
6006
6005
6004
6004
6002
6000
6000
5999
5999
5998
5996
5996
5995
5994
5990
5990
5990
5989
5988
5987
5986
5986
5985
5980
5979
5979
5978
5976
5975
5970
5970
5969
5967
5966
5966
5965
5964
5962
5958
5957
5957
5957
5956
5956
5954
5951
5950
5950
5948
5948
5946
5945
5945
5944
5943
5942
5941
5940
5939
5937
5935
5934
5933
5933
5931
5931
5931
5929
5929
5928
5928
5928
5927
5926
5926
5924
5922
5922
5921
5919
5918
5918
5917
5917
5916
5913
5913
5913
5912
5911
5910
5909
5907
5906
5906
5905
5902
5901
5901
5900
5898
5897
5897
5897
5895
5893
5892
5892
5886
5886
5885
5884
5884
5883
5882
5882
5881
5880
5880
5880
5880
5879
5879
5878
5877
5874
5874
5874
5874
5871
5870
5868
5866
5865
5864
5860
5860
5859
5856
5854
5854
5850
5850
5847
5847
5847
5844
5844
5843
5840
5838
5838
5838
5838
5838
5836
5836
5834
5834
5834
5833
5833
5831
5830
5830
5827
5826
5826
5825
5824
5824
5823
5823
5822
5821
5821
5816
5813
5813
5812
5812
5811
5811
5811
5811
5810
5810
5809
5808
5808
5807
5806
5804
5804
5804
5803
5803
5802
5800
5800
5797
5796
5795
5795
5794
5792
5791
5790
5790
5790
5788
5787
5787
5786
5786
5785
5784
5784
5783
5783
5781
5780
5780
5778
5777
5777
5777
5773
5772
5772
5772
5771
5770
5766
5766
5766
5765
5764
5763
5763
5762
5761
5760
5759
5758
5757
5756
5756
5756
5756
5751
5750
5748
5747
5747
5745
5745
5743
5740
5739
5738
5736
5734
5733
5732
5731
5730
5730
5729
5727
5724
5721
5721
5720
5717
5716
5715
5714
5714
5707
5707
5704
5702
5699
5699
5699
5698
5697
5695
5693
5693
5692
5692
5691
5691
5691
5691
5690
5688
5687
5687
5685
5684
5683
5682
5682
5682
5682
5681
5681
5680
5679
5678
5678
5678
5677
5675
5675
5673
5673
5673
5672
5672
5671
5671
5671
5670
5668
5668
5666
5666
5663
5661
5660
5660
5659
5658
5658
5657
5656
5653
5653
5652
5652
5650
5649
5649
5648
5647
5647
5646
5646
5646
5646
5646
5645
5643
5643
5642
5642
5642
5641
5639
5639
5638
5637
5636
5635
5635
5635
5634
5631
5631
5631
5631
5630
5630
5628
5628
5627
5627
5626
5625
5625
5625
5623
5622
5621
5620
5615
5615
5614
5613
5613
5613
5608
5608
5608
5608
5607
5606
5605
5605
5603
5603
5602
5601
5599
5596
5594
5594
5593
5591
5591
5590
5589
5588
5588
5586
5585
5584
5581
5581
5580
5578
5577
5577
5577
5575
5573
5573
5571
5571
5569
5568
5567
5567
5566
5566
5565
5563
5561
5560
5559
5559
5557
5557
5556
5555
5555
5554
5553
5552
5552
5551
5551
5550
5550
5549
5549
5548
5547
5547
5546
5545
5544
5543
5542
5542
5539
5539
5538
5538
5535
5534
5533
5533
5530
5529
5528
5528
5525
5525
5525
5524
5524
5523
5523
5523
5519
5518
5517
5516
5516
5514
5512
5510
5510
5509
5509
5508
5507
5506
5504
5503
5502
5502
5500
5498
5497
5497
5497
5493
5493
5492
5491
5487
5486
5485
5484
5482
5482
5481
5481
5475
5473
5473
5473
5472
5471
5470
5468
5467
5466
5462
5461
5460
5460
5459
5459
5458
5457
5457
5455
5454
5453
5452
5451
5451
5450
5449
5449
5448
5447
5445
5443
5443
5443
5442
5441
5439
5438
5437
5437
5435
5434
5434
5434
5434
5433
5433
5432
5432
5427
5424
5423
5422
5420
5419
5418
5418
5418
5418
5417
5416
5411
5411
5410
5409
5409
5408
5405
5404
5404
5401
5401
5399
5399
5398
5397
5397
5397
5394
5393
5392
5392
5391
5391
5390
5390
5390
5389
5388
5387
5386
5386
5385
5385
5385
5385
5383
5383
5383
5381
5381
5380
5377
5377
5375
5374
5374
5373
5372
5370
5369
5369
5368
5368
5367
5367
5365
5363
5360
5358
5358
5357
5357
5357
5356
5355
5354
5354
5353
5351
5349
5349
5349
5347
5347
5346
5345
5344
5343
5343
5341
5341
5341
5340
5340
5338
5336
5336
5336
5336
5334
5334
5333
5331
5331
5328
5328
5327
5324
5324
5324
5324
5323
5323
5322
5322
5321
5320
5320
5320
5319
5319
5318
5317
5317
5314
5314
5313
5312
5312
5310
5310
5309
5309
5308
5307
5306
5306
5304
5303
5303
5301
5299
5299
5299
5296
5296
5296
5296
5295
5294
5291
5290
5286
5284
5283
5281
5281
5281
5280
5279
5279
5279
5277
5274
5272
5272
5271
5271
5271
5271
5269
5267
5266
5265
5265
5264
5263
5261
5261
5260
5259
5258
5256
5255
5254
5254
5254
5254
5252
5248
5248
5245
5244
5243
5241
5240
5239
5239
5236
5235
5233
5233
5231
5231
5229
5229
5229
5229
5226
5226
5224
5223
5222
5219
5218
5218
5217
5217
5217
5214
5213
5213
5212
5210
5209
5208
5206
5204
5204
5201
5200
5198
5197
5195
5193
5193
5189
5186
5186
5186
5186
5186
5185
5183
5180
5179
5179
5178
5176
5176
5175
5174
5174
5174
5173
5172
5171
5171
5168
5166
5166
5166
5165
5165
5165
5165
5164
5163
5163
5163
5160
5159
5159
5159
5159
5158
5156
5153
5151
5149
5148
5147
5147
5147
5146
5142
5141
5141
5141
5141
5139
5139
5138
5135
5135
5134
5132
5131
5130
5130
5126
5125
5121
5121
5120
5120
5119
5118
5118
5117
5116
5116
5115
5113
5113
5111
5111
5111
5111
5110
5110
5109
5109
5107
5106
5106
5105
5105
5104
5103
5103
5103
5102
5101
5100
5099
5099
5098
5097
5096
5095
5094
5094
5094
5093
5093
5092
5091
5090
5090
5088
5087
5087
5085
5084
5084
5083
5083
5082
5080
5079
5077
5077
5076
5074
5073
5070
5069
5068
5068
5067
5066
5061
5060
5059
5057
5055
5054
5053
5052
5051
5051
5046
5046
5045
5045
5043
5037
5037
5037
5035
5035
5033
5033
5032
5031
5030
5030
5029
5029
5026
5026
5025
5024
5023
5023
5019
5018
5017
5016
5016
5016
5016
5015
5013
5011
5011
5010
5009
5009
5009
5008
5007
5005
4999
4998
4996
4994
4993
4993
4992
4991
4991
4989
4986
4985
4984
4983
4981
4980
4979
4979
4978
4977
4977
4976
4975
4975
4972
4972
4969
4969
4968
4968
4967
4967
4965
4964
4964
4963
4962
4961
4961
4958
4956
4955
4955
4953
4951
4950
4949
4949
4949
4949
4948
4947
4947
4947
4945
4945
4945
4945
4943
4942
4942
4942
4940
4939
4939
4938
4938
4937
4936
4935
4934
4932
4929
4928
4928
4927
4922
4922
4921
4920
4919
4918
4918
4917
4915
4915
4914
4913
4911
4910
4908
4908
4906
4906
4902
4901
4900
4898
4897
4897
4894
4893
4892
4892
4890
4890
4890
4888
4887
4885
4884
4883
4883
4882
4879
4878
4877
4877
4876
4873
4872
4872
4871
4871
4870
4869
4865
4864
4864
4860
4859
4857
4856
4855
4855
4854
4853
4852
4851
4850
4850
4849
4848
4846
4846
4845
4845
4843
4843
4843
4842
4841
4841
4840
4840
4836
4835
4834
4834
4831
4830
4830
4828
4826
4824
4822
4822
4820
4820
4819
4818
4817
4817
4816
4815
4814
4813
4813
4812
4812
4812
4811
4810
4810
4809
4806
4805
4805
4804
4804
4803
4803
4803
4801
4799
4796
4795
4792
4792
4790
4790
4790
4790
4788
4788
4788
4787
4787
4785
4785
4784
4784
4783
4783
4782
4777
4775
4775
4773
4772
4772
4771
4771
4768
4768
4768
4768
4767
4767
4766
4766
4766
4766
4765
4764
4763
4762
4758
4758
4757
4757
4756
4756
4756
4756
4754
4754
4752
4751
4751
4751
4750
4748
4748
4747
4747
4746
4745
4744
4743
4741
4741
4740
4739
4739
4738
4736
4735
4733
4733
4733
4733
4733
4732
4731
4731
4730
4730
4730
4730
4730
4729
4728
4725
4725
4724
4722
4721
4720
4718
4716
4716
4716
4713
4713
4712
4710
4710
4709
4709
4709
4708
4707
4706
4705
4702
4702
4701
4701
4699
4698
4698
4698
4697
4696
4692
4692
4691
4691
4691
4690
4690
4689
4689
4688
4687
4683
4682
4680
4677
4676
4676
4676
4675
4673
4673
4672
4671
4671
4670
4670
4669
4669
4668
4667
4667
4666
4666
4665
4665
4664
4663
4663
4662
4661
4661
4661
4661
4659
4657
4655
4653
4652
4652
4651
4651
4650
4649
4645
4644
4643
4642
4642
4641
4641
4640
4638
4637
4637
4636
4635
4633
4632
4632
4630
4630
4630
4629
4626
4626
4626
4626
4625
4625
4625
4622
4621
4620
4619
4619
4618
4616
4616
4614
4614
4613
4612
4608
4608
4607
4607
4605
4605
4605
4603
4602
4602
4602
4599
4599
4599
4599
4598
4596
4595
4595
4593
4591
4590
4590
4589
4587
4587
4586
4585
4585
4584
4584
4582
4581
4581
4579
4578
4577
4576
4573
4572
4571
4571
4570
4569
4569
4569
4568
4566
4565
4564
4564
4561
4559
4559
4558
4556
4555
4553
4553
4552
4551
4551
4550
4548
4547
4545
4545
4545
4544
4544
4543
4543
4543
4542
4542
4541
4540
4540
4540
4539
4537
4536
4535
4534
4534
4534
4533
4532
4532
4531
4530
4530
4530
4530
4528
4527
4526
4525
4524
4524
4523
4523
4522
4522
4520
4518
4518
4518
4518
4517
4517
4515
4515
4513
4512
4511
4510
4509
4508
4507
4507
4507
4506
4503
4503
4502
4502
4502
4501
4500
4499
4497
4496
4495
4494
4492
4492
4491
4491
4490
4490
4490
4489
4489
4488
4488
4487
4487
4483
4483
4482
4482
4482
4481
4480
4480
4479
4479
4478
4477
4476
4475
4474
4473
4473
4471
4470
4467
4467
4464
4464
4463
4463
4462
4462
4462
4460
4459
4458
4456
4455
4455
4453
4451
4450
4449
4443
4443
4442
4440
4439
4439
4438
4436
4435
4434
4433
4432
4432
4430
4428
4426
4426
4426
4426
4424
4423
4422
4421
4421
4420
4418
4417
4417
4416
4416
4414
4412
4409
4409
4409
4408
4408
4407
4404
4403
4402
4401
4400
4399
4399
4398
4398
4397
4397
4397
4395
4394
4393
4392
4391
4390
4389
4388
4386
4386
4383
4383
4381
4381
4379
4377
4376
4376
4376
4375
4374
4373
4373
4373
4373
4372
4371
4370
4370
4370
4369
4369
4369
4367
4365
4363
4362
4362
4360
4359
4358
4357
4357
4356
4354
4351
4348
4347
4346
4346
4345
4342
4341
4340
4340
4339
4337
4337
4334
4333
4332
4331
4330
4329
4328
4327
4326
4325
4325
4323
4322
4322
4322
4320
4320
4318
4318
4317
4316
4315
4314
4313
4312
4311
4311
4308
4306
4306
4305
4305
4303
4301
4300
4299
4299
4298
4298
4297
4296
4294
4294
4294
4291
4291
4290
4289
4287
4286
4285
4285
4283
4283
4281
4280
4279
4279
4279
4279
4276
4273
4271
4270
4270
4270
4267
4266
4265
4265
4263
4261
4259
4259
4258
4256
4255
4252
4252
4252
4251
4248
4248
4248
4247
4246
4245
4245
4244
4242
4241
4241
4238
4235
4234
4232
4232
4232
4231
4231
4231
4230
4230
4228
4227
4227
4226
4226
4225
4224
4224
4224
4223
4223
4220
4220
4218
4217
4215
4215
4213
4209
4208
4207
4207
4206
4204
4202
4200
4194
4194
4192
4191
4189
4187
4187
4186
4185
4184
4184
4181
4181
4177
4175
4175
4173
4173
4171
4170
4169
4169
4169
4169
4168
4167
4167
4166
4165
4164
4160
4160
4160
4159
4159
4158
4158
4158
4156
4156
4155
4155
4154
4153
4153
4150
4150
4147
4146
4145
4144
4144
4143
4141
4140
4139
4139
4138
4138
4137
4137
4135
4131
4130
4130
4129
4129
4127
4127
4123
4122
4120
4119
4119
4119
4118
4118
4117
4117
4116
4115
4115
4115
4114
4113
4112
4111
4109
4109
4109
4108
4108
4107
4106
4103
4099
4099
4099
4099
4098
4097
4092
4090
4090
4090
4090
4087
4085
4085
4082
4081
4079
4078
4077
4075
4073
4072
4070
4070
4069
4067
4067
4066
4064
4064
4064
4063
4062
4062
4060
4059
4055
4055
4054
4054
4054
4053
4053
4052
4052
4052
4051
4050
4049
4049
4048
4047
4046
4046
4045
4043
4042
4041
4039
4039
4038
4038
4038
4037
4037
4036
4034
4033
4032
4032
4031
4029
4029
4028
4028
4025
4025
4025
4023
4022
4021
4021
4021
4020
4019
4017
4015
4013
4012
4011
4011
4010
4010
4009
4009
4009
4008
4007
4007
4005
4003
4002
4001
4000
3998
3995
3993
3992
3991
3990
3989
3988
3987
3986
3985
3984
3984
3983
3983
3983
3982
3981
3981
3981
3981
3979
3978
3978
3977
3975
3974
3972
3972
3970
3970
3968
3968
3967
3964
3960
3960
3960
3958
3957
3956
3954
3952
3951
3947
3947
3945
3943
3939
3938
3938
3937
3937
3935
3934
3929
3928
3928
3927
3925
3922
3922
3922
3921
3921
3917
3916
3916
3916
3915
3913
3911
3910
3910
3910
3909
3909
3907
3905
3901
3900
3898
3898
3897
3896
3895
3894
3893
3893
3892
3892
3891
3891
3891
3891
3889
3888
3887
3886
3886
3886
3885
3885
3883
3882
3881
3880
3877
3876
3875
3872
3871
3870
3869
3868
3868
3866
3865
3862
3860
3859
3858
3855
3854
3852
3852
3851
3849
3846
3846
3846
3846
3842
3842
3841
3840
3838
3838
3836
3836
3835
3834
3833
3833
3833
3832
3831
3831
3830
3830
3830
3828
3827
3825
3825
3823
3823
3820
3820
3820
3818
3818
3817
3816
3816
3815
3813
3813
3810
3809
3809
3808
3808
3807
3806
3806
3804
3804
3804
3803
3803
3801
3799
3799
3796
3796
3793
3793
3791
3789
3789
3788
3788
3788
3788
3787
3787
3786
3786
3786
3785
3785
3784
3784
3782
3782
3780
3779
3778
3777
3773
3772
3771
3767
3766
3766
3765
3764
3763
3762
3761
3759
3758
3757
3757
3757
3755
3754
3752
3749
3748
3748
3746
3745
3743
3740
3740
3738
3738
3735
3734
3733
3732
3732
3732
3730
3727
3726
3724
3724
3723
3723
3722
3720
3719
3718
3717
3716
3716
3715
3713
3713
3712
3711
3711
3710
3708
3708
3707
3705
3705
3705
3703
3703
3703
3702
3699
3699
3698
3697
3696
3696
3695
3694
3692
3692
3690
3689
3687
3684
3683
3683
3683
3681
3680
3679
3678
3675
3674
3673
3673
3673
3670
3669
3669
3666
3664
3664
3663
3662
3662
3659
3658
3658
3657
3656
3655
3655
3653
3653
3652
3652
3651
3649
3647
3646
3646
3646
3644
3643
3643
3640
3639
3639
3637
3636
3636
3636
3635
3635
3634
3633
3633
3632
3631
3630
3628
3625
3624
3623
3623
3621
3619
3619
3618
3617
3617
3616
3616
3615
3615
3614
3613
3610
3609
3605
3605
3602
3602
3601
3599
3599
3598
3598
3597
3597
3596
3596
3594
3593
3593
3591
3589
3589
3587
3587
3586
3586
3586
3585
3584
3583
3583
3582
3581
3580
3579
3578
3578
3577
3576
3576
3575
3575
3575
3574
3574
3573
3571
3570
3570
3570
3569
3569
3569
3567
3567
3566
3566
3566
3566
3566
3566
3564
3562
3561
3561
3560
3559
3558
3555
3555
3555
3554
3553
3552
3550
3550
3549
3547
3546
3546
3545
3542
3541
3541
3541
3541
3540
3539
3538
3536
3535
3532
3531
3531
3531
3530
3529
3529
3529
3528
3527
3524
3524
3523
3523
3523
3521
3521
3521
3519
3518
3517
3517
3516
3516
3515
3515
3514
3513
3513
3510
3508
3504
3504
3503
3502
3502
3500
3499
3497
3496
3494
3494
3492
3490
3490
3489
3489
3488
3487
3487
3485
3484
3481
3481
3480
3480
3476
3474
3470
3469
3467
3465
3464
3464
3463
3463
3462
3462
3462
3461
3461
3460
3455
3454
3454
3454
3452
3451
3451
3451
3451
3450
3450
3449
3448
3447
3444
3442
3441
3441
3436
3436
3435
3435
3435
3435
3433
3433
3433
3433
3433
3432
3432
3432
3432
3430
3430
3429
3429
3428
3428
3428
3428
3427
3422
3421
3421
3420
3419
3418
3418
3417
3413
3409
3409
3408
3408
3405
3404
3402
3401
3398
3397
3396
3396
3394
3392
3392
3392
3391
3391
3389
3389
3389
3389
3389
3389
3387
3386
3386
3385
3384
3383
3381
3381
3379
3379
3379
3379
3379
3377
3375
3373
3373
3373
3372
3371
3370
3369
3369
3369
3368
3364
3364
3363
3362
3362
3361
3361
3360
3360
3359
3357
3355
3355
3354
3353
3351
3349
3347
3346
3345
3343
3343
3342
3341
3341
3340
3339
3338
3335
3335
3334
3332
3331
3329
3326
3326
3325
3325
3324
3324
3323
3323
3318
3317
3315
3315
3314
3311
3311
3310
3310
3310
3310
3306
3305
3305
3305
3305
3304
3304
3303
3302
3301
3300
3299
3298
3298
3297
3297
3296
3296
3295
3295
3295
3293
3291
3289
3289
3288
3287
3286
3285
3282
3281
3278
3276
3273
3271
3271
3271
3269
3269
3267
3266
3266
3266
3265
3262
3261
3261
3261
3259
3257
3257
3252
3251
3250
3250
3250
3250
3248
3243
3242
3240
3239
3238
3237
3236
3236
3235
3233
3231
3230
3229
3229
3229
3228
3228
3227
3227
3226
3224
3224
3223
3223
3222
3222
3221
3218
3216
3214
3207
3207
3204
3200
3200
3199
3198
3194
3191
3191
3191
3189
3189
3188
3186
3186
3185
3184
3184
3183
3182
3181
3180
3178
3178
3177
3176
3176
3175
3173
3172
3172
3171
3169
3166
3165
3163
3162
3162
3161
3158
3157
3155
3153
3152
3152
3151
3151
3150
3147
3146
3145
3144
3144
3143
3141
3141
3137
3137
3135
3134
3133
3123
3123
3123
3122
3122
3121
3120
3120
3119
3118
3118
3117
3117
3116
3114
3113
3112
3112
3111
3110
3109
3108
3107
3106
3106
3105
3103
3102
3101
3101
3098
3098
3095
3094
3092
3090
3088
3085
3081
3078
3078
3075
3074
3073
3070
3070
3067
3067
3065
3063
3061
3060
3059
3058
3057
3056
3055
3055
3054
3052
3052
3051
3051
3051
3050
3050
3050
3049
3049
3048
3047
3047
3047
3047
3046
3041
3039
3038
3037
3037
3037
3036
3035
3034
3034
3033
3032
3031
3031
3027
3027
3026
3025
3025
3025
3023
3023
3022
3022
3020
3017
3015
3011
3010
3010
3010
3008
3007
3003
3002
2999
2998
2998
2998
2995
2995
2995
2995
2995
2995
2994
2994
2994
2993
2993
2993
2992
2992
2992
2991
2990
2990
2990
2989
2988
2986
2986
2986
2985
2985
2983
2983
2983
2981
2980
2978
2975
2975
2974
2974
2972
2972
2971
2969
2969
2968
2967
2967
2966
2963
2963
2962
2961
2960
2960
2959
2958
2957
2955
2955
2955
2954
2953
2952
2952
2950
2948
2947
2945
2944
2943
2943
2942
2942
2941
2940
2939
2939
2937
2937
2936
2935
2933
2931
2928
2928
2928
2926
2923
2923
2923
2922
2921
2920
2920
2917
2916
2914
2913
2913
2911
2909
2903
2903
2903
2902
2899
2898
2897
2897
2894
2894
2892
2891
2890
2890
2889
2887
2886
2884
2884
2880
2880
2879
2879
2877
2876
2875
2874
2873
2871
2871
2870
2870
2870
2869
2869
2869
2868
2863
2861
2859
2858
2856
2855
2854
2854
2854
2853
2852
2852
2852
2849
2846
2844
2844
2843
2843
2842
2842
2839
2837
2834
2832
2829
2828
2828
2827
2827
2827
2826
2824
2824
2822
2821
2821
2819
2818
2818
2818
2814
2814
2812
2811
2810
2805
2803
2800
2799
2799
2797
2796
2795
2794
2793
2792
2791
2791
2789
2788
2787
2785
2784
2783
2782
2779
2779
2779
2778
2776
2776
2775
2774
2773
2768
2767
2766
2765
2763
2761
2760
2759
2759
2759
2755
2753
2753
2753
2752
2751
2751
2751
2751
2750
2748
2748
2748
2746
2745
2743
2743
2743
2741
2741
2741
2741
2740
2740
2738
2738
2736
2736
2736
2734
2733
2733
2731
2727
2725
2725
2723
2723
2721
2720
2719
2716
2716
2715
2715
2714
2714
2714
2713
2712
2712
2711
2711
2711
2710
2710
2709
2708
2708
2708
2704
2704
2703
2701
2701
2701
2700
2699
2699
2698
2697
2696
2695
2695
2695
2693
2692
2692
2691
2691
2691
2691
2689
2688
2688
2688
2686
2684
2683
2683
2683
2682
2682
2680
2680
2680
2680
2679
2678
2678
2677
2676
2674
2673
2672
2672
2671
2671
2670
2669
2668
2668
2668
2667
2665
2664
2662
2662
2660
2659
2657
2657
2657
2655
2655
2654
2653
2653
2653
2652
2650
2649
2648
2647
2646
2646
2645
2642
2642
2642
2642
2642
2641
2641
2641
2641
2640
2638
2638
2637
2636
2636
2636
2634
2634
2633
2632
2630
2629
2625
2624
2624
2623
2619
2618
2617
2617
2617
2615
2615
2614
2613
2612
2611
2608
2608
2607
2604
2603
2601
2601
2601
2600
2600
2599
2599
2598
2598
2597
2597
2597
2595
2595
2594
2593
2592
2591
2591
2589
2588
2586
2585
2584
2583
2581
2580
2580
2578
2577
2574
2574
2573
2572
2572
2571
2570
2568
2567
2567
2566
2563
2563
2559
2558
2558
2555
2553
2553
2551
2551
2551
2548
2547
2546
2546
2545
2543
2542
2542
2541
2541
2541
2540
2539
2538
2538
2538
2537
2537
2536
2535
2535
2534
2534
2534
2533
2533
2533
2533
2531
2530
2530
2529
2527
2527
2526
2525
2524
2523
2523
2522
2522
2522
2521
2520
2520
2519
2519
2518
2517
2515
2515
2515
2514
2514
2513
2513
2513
2511
2511
2511
2510
2508
2508
2508
2508
2507
2506
2502
2502
2502
2502
2501
2500
2499
2499
2499
2498
2496
2495
2493
2490
2489
2487
2484
2483
2481
2481
2480
2480
2479
2478
2478
2477
2474
2473
2473
2472
2471
2469
2469
2468
2467
2467
2466
2464
2461
2461
2457
2456
2455
2455
2454
2452
2452
2452
2451
2449
2447
2447
2446
2444
2442
2439
2439
2439
2438
2437
2436
2435
2435
2434
2434
2433
2433
2431
2430
2429
2427
2427
2425
2425
2424
2424
2420
2420
2420
2420
2419
2419
2418
2417
2417
2416
2415
2415
2415
2413
2412
2409
2409
2408
2408
2407
2407
2405
2404
2404
2403
2403
2402
2402
2398
2398
2397
2396
2396
2396
2395
2394
2389
2385
2384
2384
2381
2381
2379
2377
2377
2377
2375
2375
2373
2370
2369
2369
2366
2365
2364
2364
2364
2363
2362
2362
2356
2356
2354
2353
2353
2351
2351
2351
2349
2347
2347
2346
2346
2345
2345
2343
2343
2342
2342
2341
2341
2340
2339
2338
2338
2336
2336
2335
2335
2333
2330
2330
2328
2328
2328
2327
2327
2327
2327
2322
2322
2321
2320
2319
2318
2317
2317
2317
2316
2315
2315
2314
2313
2313
2311
2311
2309
2308
2305
2305
2304
2302
2300
2300
2300
2299
2298
2295
2295
2295
2294
2294
2293
2293
2292
2291
2291
2291
2290
2289
2289
2289
2288
2286
2286
2285
2285
2285
2283
2281
2280
2278
2277
2275
2273
2272
2272
2271
2269
2268
2268
2266
2265
2265
2265
2263
2263
2263
2263
2263
2262
2261
2260
2259
2258
2258
2257
2256
2255
2254
2254
2253
2253
2253
2253
2253
2252
2251
2251
2250
2250
2249
2247
2245
2244
2244
2243
2242
2242
2237
2235
2234
2234
2233
2233
2233
2232
2230
2230
2229
2229
2229
2229
2228
2228
2222
2222
2221
2221
2217
2217
2217
2215
2213
2213
2212
2212
2211
2210
2209
2208
2207
2206
2204
2203
2203
2203
2201
2201
2200
2199
2198
2197
2196
2195
2194
2193
2191
2190
2190
2190
2189
2189
2188
2187
2186
2183
2182
2180
2179
2177
2176
2175
2175
2174
2173
2173
2172
2171
2170
2170
2170
2170
2170
2168
2165
2162
2162
2161
2161
2161
2160
2160
2160
2152
2151
2147
2146
2145
2145
2145
2144
2143
2141
2141
2140
2140
2138
2138
2137
2136
2136
2135
2134
2132
2131
2130
2130
2129
2128
2127
2127
2126
2125
2124
2123
2123
2120
2120
2119
2119
2119
2119
2119
2117
2117
2112
2112
2111
2110
2110
2109
2105
2104
2102
2102
2101
2101
2100
2099
2099
2097
2093
2093
2091
2090
2089
2081
2079
2078
2078
2078
2076
2075
2074
2074
2072
2072
2070
2070
2069
2069
2066
2064
2061
2061
2060
2058
2054
2054
2053
2050
2047
2045
2045
2044
2042
2039
2039
2039
2039
2037
2035
2033
2033
2033
2031
2031
2031
2030
2028
2027
2027
2026
2025
2021
2021
2020
2020
2020
2019
2018
2018
2018
2018
2017
2017
2016
2016
2016
2012
2012
2011
2010
2009
2008
2006
2004
2003
2003
2003
2000
1999
1999
1999
1999
1998
1998
1996
1996
1995
1995
1993
1993
1992
1990
1990
1989
1987
1987
1987
1986
1985
1983
1982
1980
1979
1979
1979
1976
1976
1974
1974
1973
1972
1972
1972
1971
1971
1970
1970
1970
1968
1966
1966
1966
1965
1964
1963
1963
1962
1960
1959
1958
1958
1958
1954
1954
1954
1954
1953
1951
1949
1948
1947
1946
1945
1942
1942
1942
1942
1940
1939
1938
1938
1937
1937
1936
1935
1935
1934
1934
1933
1933
1931
1930
1929
1929
1929
1928
1928
1927
1926
1926
1926
1925
1924
1924
1923
1922
1919
1918
1916
1915
1914
1913
1913
1913
1912
1910
1910
1909
1909
1908
1907
1905
1905
1904
1903
1902
1897
1897
1895
1894
1893
1893
1892
1891
1890
1890
1890
1888
1888
1887
1886
1885
1884
1883
1882
1880
1876
1875
1874
1873
1873
1872
1872
1872
1871
1871
1870
1870
1870
1870
1866
1865
1864
1863
1863
1862
1861
1861
1860
1858
1857
1856
1855
1854
1854
1854
1853
1853
1850
1849
1849
1848
1846
1845
1844
1843
1843
1843
1843
1841
1841
1840
1838
1838
1837
1837
1837
1836
1835
1835
1832
1831
1830
1830
1829
1828
1827
1827
1827
1826
1825
1825
1825
1823
1822
1821
1820
1819
1815
1813
1813
1813
1812
1812
1811
1810
1810
1809
1809
1808
1808
1807
1803
1803
1802
1801
1800
1798
1797
1796
1794
1793
1793
1792
1791
1791
1787
1786
1785
1784
1783
1782
1781
1781
1779
1779
1778
1777
1776
1775
1774
1774
1773
1771
1771
1767
1764
1762
1761
1760
1758
1757
1756
1755
1755
1754
1754
1754
1752
1750
1749
1747
1746
1742
1741
1740
1740
1738
1738
1736
1735
1735
1735
1734
1733
1732
1731
1728
1727
1727
1727
1727
1726
1721
1718
1718
1717
1717
1715
1715
1715
1713
1713
1712
1712
1711
1709
1709
1708
1707
1706
1705
1704
1702
1702
1701
1700
1699
1698
1698
1696
1696
1695
1695
1694
1694
1693
1692
1691
1690
1688
1687
1680
1679
1679
1678
1678
1677
1674
1674
1668
1667
1667
1665
1665
1661
1661
1661
1658
1658
1656
1653
1652
1649
1649
1648
1645
1642
1638
1637
1636
1636
1636
1634
1633
1632
1632
1629
1629
1629
1627
1626
1625
1624
1624
1624
1624
1615
1614
1613
1613
1608
1606
1605
1601
1598
1598
1597
1595
1595
1594
1593
1592
1592
1590
1589
1589
1587
1586
1585
1583
1583
1582
1579
1579
1579
1579
1579
1579
1579
1577
1577
1574
1573
1572
1572
1571
1570
1570
1564
1564
1563
1563
1560
1560
1559
1558
1555
1555
1555
1554
1552
1551
1551
1548
1548
1547
1547
1546
1545
1543
1541
1541
1541
1540
1539
1539
1537
1536
1536
1535
1533
1531
1530
1528
1527
1525
1524
1524
1523
1523
1523
1522
1522
1520
1520
1516
1512
1512
1511
1507
1506
1505
1505
1504
1504
1503
1502
1502
1501
1501
1500
1500
1499
1499
1498
1498
1498
1496
1495
1492
1491
1489
1487
1487
1487
1486
1485
1485
1483
1483
1483
1481
1480
1476
1475
1473
1471
1470
1469
1467
1466
1466
1466
1465
1460
1459
1456
1456
1454
1453
1453
1452
1451
1451
1450
1447
1447
1446
1444
1444
1444
1442
1441
1440
1439
1439
1437
1437
1434
1434
1433
1433
1432
1431
1431
1429
1429
1429
1428
1427
1427
1427
1425
1424
1421
1419
1419
1419
1419
1418
1418
1418
1417
1417
1416
1414
1414
1413
1409
1408
1408
1407
1405
1404
1404
1404
1403
1397
1396
1396
1395
1394
1393
1388
1383
1382
1382
1381
1380
1380
1380
1379
1379
1379
1379
1377
1376
1375
1375
1374
1374
1372
1371
1371
1370
1370
1369
1369
1369
1368
1366
1365
1364
1364
1363
1362
1361
1360
1360
1360
1358
1357
1352
1351
1350
1349
1347
1347
1347
1346
1346
1345
1344
1341
1341
1339
1339
1339
1338
1338
1338
1338
1338
1338
1334
1332
1331
1331
1331
1329
1326
1325
1323
1322
1322
1321
1320
1318
1317
1315
1314
1313
1312
1309
1309
1308
1308
1307
1307
1307
1305
1303
1302
1301
1300
1300
1298
1298
1297
1296
1295
1295
1294
1293
1291
1291
1289
1287
1283
1283
1283
1281
1281
1281
1280
1279
1276
1276
1275
1274
1273
1271
1270
1269
1267
1267
1265
1265
1265
1263
1263
1263
1262
1261
1258
1258
1258
1257
1256
1255
1251
1251
1247
1247
1246
1246
1245
1244
1244
1241
1240
1239
1239
1238
1237
1237
1236
1232
1232
1232
1227
1226
1225
1224
1223
1222
1221
1219
1215
1215
1215
1215
1214
1213
1213
1212
1211
1211
1209
1207
1207
1207
1206
1205
1203
1203
1201
1200
1199
1197
1197
1197
1196
1196
1195
1195
1194
1194
1193
1192
1190
1189
1187
1186
1184
1180
1179
1178
1177
1176
1176
1175
1174
1172
1171
1171
1170
1170
1169
1168
1167
1167
1167
1166
1166
1166
1163
1162
1162
1160
1159
1156
1156
1154
1153
1153
1153
1151
1150
1148
1148
1147
1147
1146
1146
1146
1145
1141
1138
1138
1137
1136
1134
1133
1132
1132
1128
1126
1125
1125
1124
1124
1124
1123
1123
1123
1121
1120
1119
1119
1119
1119
1118
1118
1118
1118
1117
1116
1114
1114
1113
1112
1112
1109
1104
1104
1102
1102
1101
1100
1100
1100
1100
1099
1098
1097
1096
1096
1095
1095
1094
1091
1088
1088
1088
1088
1086
1086
1083
1083
1082
1080
1079
1079
1079
1079
1077
1077
1075
1074
1071
1071
1071
1070
1068
1068
1066
1065
1065
1065
1065
1064
1064
1063
1063
1062
1060
1057
1057
1057
1057
1056
1056
1055
1053
1052
1052
1050
1047
1045
1043
1041
1041
1041
1041
1038
1037
1037
1037
1035
1033
1031
1029
1027
1027
1025
1025
1024
1024
1021
1020
1019
1019
1016
1016
1016
1012
1012
1011
1010
1009
1007
1007
1007
1006
1003
1002
1001
1001
1000
998
998
997
993
992
992
991
990
990
990
988
986
986
983
983
982
981
981
979
978
978
977
976
976
973
973
973
971
969
969
966
962
962
962
961
961
959
959
957
956
956
955
953
951
951
951
950
949
948
948
947
946
946
945
945
945
944
944
943
942
939
939
938
937
935
934
934
934
933
931
931
931
930
929
925
925
925
925
924
923
921
921
920
919
918
918
918
917
917
916
916
916
915
915
913
912
912
911
909
909
907
905
904
903
903
902
901
899
899
897
896
894
890
889
888
888
887
887
887
886
886
884
884
884
882
879
878
878
878
877
876
875
875
873
873
870
869
868
867
866
863
862
861
861
861
860
860
859
858
856
856
854
853
852
851
851
851
850
850
849
848
848
848
847
846
846
846
845
844
843
843
841
841
840
837
837
836
835
835
835
834
832
830
830
829
829
827
826
825
822
822
820
820
820
820
819
816
814
812
812
811
810
809
809
809
809
806
805
805
805
805
804
803
803
802
802
802
798
798
796
795
792
790
790
786
785
784
781
780
779
779
778
776
775
774
773
773
772
771
771
771
770
767
766
766
763
763
761
760
760
759
757
756
755
754
753
752
752
751
749
749
748
747
747
747
747
746
743
743
743
742
740
739
739
735
735
735
734
734
734
732
732
732
729
729
727
727
725
724
724
724
722
721
721
721
720
718
716
716
716
715
715
713
712
711
711
709
708
707
707
706
705
704
701
700
699
698
695
695
695
694
694
693
693
692
691
691
691
689
689
687
687
686
685
685
685
684
684
683
683
683
683
682
680
680
679
676
675
674
673
672
672
671
669
669
668
668
667
665
662
662
662
661
661
661
660
659
659
659
658
658
658
657
657
655
653
650
650
650
648
646
644
644
644
643
643
641
640
640
640
639
638
638
637
636
635
635
633
633
633
632
632
629
628
627
627
627
627
627
627
626
624
624
623
623
623
623
622
622
622
622
621
619
617
617
617
614
612
612
612
612
611
609
608
607
607
607
605
602
601
601
601
601
599
598
597
596
596
596
596
596
595
595
595
593
592
591
588
588
588
587
586
586
585
584
584
583
583
582
582
581
581
578
577
575
573
573
573
572
570
569
568
566
565
565
562
561
561
560
560
559
559
559
558
556
554
554
554
554
554
552
551
550
549
548
546
546
545
545
545
542
542
541
540
540
539
539
539
537
535
533
533
529
527
526
525
525
524
523
523
519
519
518
517
517
517
517
514
513
512
512
511
511
511
510
510
508
504
503
503
502
502
501
499
499
499
498
497
496
496
495
495
494
493
491
491
491
487
486
486
485
485
485
484
483
479
477
477
476
476
476
474
473
473
469
468
468
468
464
462
462
461
456
455
454
454
451
450
448
448
445
445
445
445
442
441
440
439
439
438
438
438
437
433
433
432
432
430
430
429
427
426
425
424
424
424
422
421
419
419
418
418
417
415
413
413
412
412
412
412
411
409
409
409
409
409
408
408
408
406
406
406
406
403
399
395
395
394
392
391
391
390
390
390
389
389
388
388
387
386
385
385
385
384
383
382
378
378
377
375
373
372
372
371
366
366
366
365
364
364
361
361
360
358
358
356
355
354
352
351
349
349
348
347
347
346
345
341
340
338
337
335
333
332
329
328
327
326
325
325
324
324
323
323
322
321
321
320
320
320
319
317
317
315
314
314
313
313
312
311
310
309
309
309
308
307
305
304
303
303
303
301
297
296
294
293
293
292
292
292
291
290
289
287
285
283
283
280
280
280
278
277
275
270
270
268
266
265
265
263
263
262
262
261
259
258
257
257
257
257
253
252
252
250
250
249
247
246
246
241
240
240
240
240
239
238
238
235
235
235
233
232
232
231
230
230
230
230
229
229
226
225
225
225
224
222
222
222
220
220
220
216
216
213
213
211
210
210
209
208
208
206
205
205
205
205
204
204
203
202
200
200
198
198
197
196
193
192
191
190
190
189
188
188
188
186
186
184
183
181
180
179
179
178
177
176
174
173
171
170
169
168
167
166
166
163
163
162
160
160
160
156
155
153
153
152
151
151
150
150
149
149
146
146
145
145
144
144
143
142
140
140
138
137
137
135
131
130
130
130
127
127
127
125
121
120
119
119
119
118
118
116
114
114
112
109
109
108
104
104
104
101
98
98
98
96
94
92
92
92
92
92
91
89
88
88
86
86
85
81
81
81
80
80
80
77
74
73
70
69
69
67
66
65
65
64
64
62
61
59
59
58
57
56
55
55
55
54
54
53
52
51
51
49
45
42
42
41
40
40
40
40
39
38
37
36
35
34
31
31
30
28
28
26
26
25
25
24
22
22
21
21
18
18
17
17
15
14
14
11
11
7
4
1
1
1
1
