0
2
2
4
4
6
7
13
15
17
18
18
19
20
21
22
24
25
30
30
31
31
32
33
34
35
36
37
38
43
44
45
46
47
49
50
51
51
53
53
54
55
55
56
56
58
60
60
60
61
62
62
62
64
64
65
65
65
66
68
68
69
69
69
69
70
70
72
72
72
73
73
75
77
77
79
79
82
84
84
84
86
88
89
90
92
93
94
95
95
95
96
97
101
102
103
104
106
106
107
108
108
108
111
111
112
112
112
114
115
115
115
119
123
123
126
126
127
128
128
129
130
130
131
132
134
135
135
135
136
138
139
139
140
142
142
143
144
144
147
148
148
148
149
150
150
151
154
154
157
158
158
158
158
158
159
159
160
160
164
165
166
168
170
172
172
172
172
173
173
174
175
177
178
178
179
179
180
180
180
180
181
181
182
183
183
184
184
185
185
187
188
188
188
192
193
194
196
196
198
198
199
200
200
201
202
203
203
204
205
205
206
207
208
208
209
210
210
210
212
213
213
213
214
215
215
216
216
218
218
220
220
220
221
221
222
224
224
224
225
225
226
226
227
228
232
232
233
233
234
234
236
236
237
240
241
242
243
244
244
246
246
247
248
249
249
254
255
255
255
256
256
256
257
257
258
260
260
260
261
262
262
265
265
265
267
267
268
269
269
270
272
272
274
275
275
276
277
277
280
281
285
290
290
293
293
294
294
295
296
297
298
298
298
300
300
301
302
304
305
305
305
307
307
307
308
308
308
309
310
312
312
314
314
315
318
318
318
325
326
329
329
330
331
332
332
334
334
334
335
336
336
337
339
341
342
343
343
347
347
347
348
349
351
352
352
352
352
355
357
357
358
360
361
364
365
366
366
366
368
369
369
369
370
370
370
373
376
377
378
379
380
380
380
380
381
381
383
384
385
385
385
389
389
392
392
392
392
392
393
393
393
396
396
397
398
398
398
399
399
400
400
401
403
404
404
407
408
408
409
409
410
411
411
411
414
415
418
419
422
423
424
424
430
433
433
435
436
440
440
444
444
445
447
448
448
448
450
450
451
452
453
453
454
456
456
456
457
460
460
460
461
461
463
463
465
465
466
469
470
471
471
472
473
474
475
475
475
476
477
477
477
479
479
482
484
485
486
490
490
492
494
495
496
497
497
498
498
498
499
501
503
504
504
505
505
508
508
510
511
515
515
516
516
517
517
518
519
519
519
520
521
523
523
523
524
525
525
526
526
527
529
530
531
532
533
535
535
535
536
536
536
536
537
537
537
539
541
542
543
543
543
544
545
547
549
550
551
551
552
553
556
557
558
559
560
560
560
562
562
563
565
566
566
567
568
568
569
571
571
571
572
573
574
577
577
578
580
581
581
582
582
582
583
584
584
585
586
586
588
588
591
591
592
595
597
599
599
600
601
604
606
608
608
608
608
609
610
610
610
611
612
613
613
613
613
614
614
614
615
615
617
617
621
623
624
625
625
627
628
630
631
632
633
636
636
636
637
637
639
639
641
642
643
643
647
648
649
651
651
651
652
653
654
655
657
659
660
664
665
667
668
668
668
668
672
673
674
675
675
675
676
676
678
679
680
682
683
683
684
685
685
686
688
689
691
692
693
694
694
695
695
696
696
697
698
698
700
700
703
704
705
705
706
707
707
710
711
712
713
715
716
716
717
717
718
718
718
718
719
719
720
721
723
724
724
726
727
727
730
733
734
734
734
736
736
738
738
738
739
742
745
747
748
750
752
752
752
753
753
754
755
757
757
757
759
759
759
760
762
764
766
766
769
771
772
772
776
779
780
780
783
786
787
787
787
788
789
790
791
791
793
794
794
794
794
796
798
799
799
800
801
801
802
802
804
805
805
806
806
807
808
808
808
809
811
811
811
812
814
814
814
815
815
817
820
820
822
822
822
823
825
826
827
828
829
830
831
832
833
838
838
839
839
840
844
845
847
851
851
852
853
854
856
857
857
858
860
860
860
860
861
864
864
865
865
866
866
867
868
868
869
869
870
871
871
872
873
874
874
876
876
878
878
878
879
879
882
883
883
884
884
885
887
890
892
892
893
897
897
898
899
899
900
901
901
904
904
907
907
908
908
910
910
911
911
912
912
912
913
914
914
916
917
917
917
920
920
920
921
921
925
925
928
928
930
933
934
934
935
938
938
941
941
941
942
943
944
945
945
945
946
946
947
947
947
947
948
948
949
949
951
951
951
952
953
954
956
957
957
958
958
959
959
960
960
961
961
964
964
965
965
966
966
967
970
971
972
973
973
975
977
980
980
980
980
981
984
987
987
987
987
988
990
991
993
994
994
995
995
996
996
997
998
998
1000
1000
1000
1002
1002
1005
1006
1007
1007
1008
1008
1009
1009
1009
1013
1014
1014
1015
1015
1016
1016
1017
1018
1019
1019
1020
1021
1023
1028
1030
1030
1034
1034
1035
1036
1036
1037
1037
1039
1041
1043
1043
1044
1044
1044
1046
1049
1050
1050
1051
1051
1052
1052
1055
1057
1059
1059
1060
1061
1063
1063
1064
1066
1069
1069
1070
1070
1074
1075
1075
1076
1076
1077
1077
1078
1078
1079
1081
1082
1083
1084
1086
1089
1090
1091
1091
1091
1093
1094
1094
1096
1096
1096
1096
1097
1098
1098
1100
1101
1102
1102
1103
1104
1104
1104
1105
1105
1106
1106
1106
1106
1106
1107
1108
1110
1112
1113
1114
1115
1115
1118
1119
1119
1121
1124
1126
1128
1129
1129
1130
1130
1131
1132
1132
1133
1133
1135
1135
1138
1138
1140
1140
1140
1141
1142
1144
1144
1144
1145
1147
1147
1148
1148
1149
1149
1152
1154
1156
1158
1159
1163
1164
1168
1169
1169
1171
1172
1172
1173
1174
1175
1176
1177
1177
1178
1179
1181
1184
1185
1185
1186
1186
1186
1189
1192
1192
1192
1192
1195
1195
1197
1198
1199
1203
1206
1208
1209
1210
1212
1213
1213
1213
1215
1216
1216
1217
1218
1221
1224
1224
1224
1225
1226
1226
1226
1226
1232
1232
1233
1233
1233
1236
1236
1237
1238
1238
1239
1240
1240
1243
1243
1244
1247
1247
1248
1249
1251
1251
1251
1251
1252
1255
1256
1256
1257
1258
1258
1259
1261
1265
1266
1267
1272
1273
1275
1278
1278
1279
1280
1281
1282
1283
1283
1284
1284
1284
1285
1286
1287
1287
1290
1290
1294
1294
1297
1299
1300
1301
1301
1302
1304
1305
1305
1305
1305
1306
1309
1310
1310
1311
1312
1313
1313
1313
1314
1315
1316
1317
1318
1320
1320
1320
1321
1321
1322
1323
1326
1326
1327
1330
1330
1331
1338
1340
1340
1343
1343
1344
1344
1346
1348
1349
1349
1349
1349
1351
1352
1353
1353
1356
1357
1360
1360
1361
1363
1364
1364
1364
1365
1365
1365
1367
1368
1368
1370
1372
1373
1374
1375
1376
1377
1379
1381
1382
1382
1385
1385
1385
1385
1386
1389
1389
1390
1390
1391
1391
1392
1395
1396
1397
1397
1398
1398
1399
1399
1400
1400
1401
1401
1402
1402
1403
1405
1407
1407
1407
1410
1411
1411
1412
1415
1415
1416
1416
1416
1417
1417
1417
1418
1419
1421
1424
1426
1426
1428
1431
1432
1433
1433
1434
1434
1435
1435
1436
1436
1437
1437
1437
1437
1438
1439
1440
1444
1445
1445
1450
1451
1452
1452
1458
1458
1458
1459
1460
1461
1461
1462
1463
1463
1465
1465
1466
1469
1469
1470
1470
1470
1474
1474
1476
1478
1479
1479
1480
1481
1481
1481
1481
1484
1485
1489
1492
1492
1494
1496
1497
1498
1498
1499
1501
1503
1504
1506
1506
1507
1507
1510
1512
1513
1513
1513
1513
1513
1516
1516
1516
1516
1516
1519
1520
1521
1522
1522
1523
1524
1524
1525
1526
1527
1527
1529
1531
1532
1532
1533
1533
1534
1534
1536
1536
1538
1538
1540
1540
1541
1542
1545
1545
1546
1547
1547
1547
1548
1550
1551
1551
1552
1553
1555
1558
1559
1562
1564
1564
1566
1566
1567
1567
1567
1568
1570
1571
1575
1576
1576
1576
1577
1577
1581
1582
1583
1583
1583
1583
1584
1585
1587
1587
1588
1589
1591
1592
1592
1592
1593
1594
1595
1596
1596
1597
1599
1600
1603
1607
1608
1610
1611
1612
1612
1614
1614
1615
1615
1616
1617
1617
1617
1617
1618
1619
1620
1620
1621
1622
1623
1623
1625
1626
1628
1628
1630
1631
1631
1632
1636
1637
1638
1638
1640
1642
1645
1646
1651
1652
1652
1652
1653
1654
1655
1657
1659
1659
1660
1660
1661
1662
1664
1665
1665
1666
1667
1668
1668
1670
1673
1673
1676
1677
1677
1680
1682
1684
1685
1685
1687
1691
1693
1694
1697
1699
1699
1703
1704
1704
1705
1706
1706
1707
1707
1707
1708
1709
1709
1711
1711
1711
1711
1711
1711
1713
1713
1716
1717
1720
1722
1724
1725
1726
1726
1727
1728
1730
1730
1730
1730
1730
1732
1734
1734
1735
1735
1736
1737
1737
1739
1740
1740
1740
1740
1741
1741
1742
1743
1744
1744
1745
1745
1747
1747
1748
1748
1748
1749
1750
1751
1751
1752
1752
1753
1757
1757
1758
1758
1760
1760
1760
1761
1761
1764
1764
1765
1766
1769
1770
1771
1771
1771
1773
1773
1773
1774
1777
1778
1779
1779
1779
1779
1781
1782
1785
1792
1792
1792
1792
1793
1793
1794
1795
1796
1797
1797
1799
1800
1801
1802
1803
1803
1804
1806
1806
1807
1807
1807
1808
1809
1810
1810
1812
1813
1814
1815
1816
1817
1817
1817
1818
1818
1818
1819
1822
1822
1823
1824
1827
1830
1832
1832
1832
1834
1838
1839
1840
1840
1841
1845
1845
1848
1849
1849
1849
1851
1851
1852
1853
1854
1854
1855
1855
1856
1857
1858
1859
1859
1859
1860
1860
1860
1861
1862
1862
1862
1863
1865
1867
1867
1868
1868
1869
1870
1871
1872
1872
1873
1876
1877
1877
1879
1881
1882
1883
1885
1886
1887
1888
1888
1890
1890
1890
1891
1891
1893
1893
1893
1893
1896
1896
1898
1898
1899
1900
1900
1901
1902
1902
1902
1903
1903
1903
1904
1906
1911
1911
1911
1912
1912
1913
1915
1915
1917
1917
1917
1922
1923
1925
1925
1925
1925
1926
1926
1927
1927
1930
1931
1931
1932
1933
1933
1933
1935
1935
1935
1936
1936
1940
1940
1940
1941
1943
1943
1944
1946
1947
1947
1948
1949
1949
1949
1950
1950
1951
1951
1951
1952
1952
1952
1952
1953
1954
1958
1960
1961
1963
1963
1963
1964
1968
1969
1969
1971
1972
1977
1977
1978
1979
1979
1979
1979
1981
1983
1985
1985
1985
1985
1986
1990
1992
1995
1996
1997
1998
1999
1999
2000
2001
2001
2003
2004
2004
2005
2007
2008
2008
2009
2011
2011
2013
2013
2015
2017
2017
2017
2018
2019
2023
2024
2024
2025
2025
2025
2026
2027
2027
2027
2027
2028
2029
2030
2032
2032
2033
2033
2034
2034
2036
2036
2036
2039
2041
2043
2047
2047
2047
2049
2050
2051
2054
2054
2055
2058
2058
2061
2062
2063
2063
2064
2066
2067
2070
2072
2072
2072
2073
2075
2075
2076
2076
2076
2077
2078
2080
2081
2081
2081
2082
2083
2085
2086
2087
2090
2091
2093
2094
2095
2096
2096
2098
2101
2102
2102
2104
2108
2108
2108
2109
2109
2109
2110
2110
2111
2111
2112
2115
2117
2117
2119
2119
2119
2120
2120
2122
2123
2125
2126
2130
2130
2131
2131
2132
2134
2135
2137
2138
2139
2139
2141
2142
2144
2145
2145
2145
2148
2149
2149
2149
2150
2151
2152
2152
2153
2153
2154
2154
2154
2155
2157
2157
2159
2159
2159
2159
2159
2160
2161
2161
2164
2164
2165
2165
2165
2166
2167
2167
2167
2169
2170
2171
2172
2172
2173
2174
2174
2174
2176
2177
2178
2183
2185
2185
2186
2186
2187
2187
2188
2189
2189
2189
2191
2193
2194
2195
2195
2195
2195
2197
2198
2198
2199
2200
2201
2201
2201
2202
2206
2207
2211
2214
2214
2214
2215
2216
2218
2219
2220
2220
2220
2221
2221
2224
2226
2230
2230
2232
2233
2233
2234
2234
2234
2235
2240
2243
2244
2245
2246
2246
2248
2251
2251
2252
2252
2252
2252
2252
2252
2253
2253
2253
2255
2255
2256
2257
2257
2257
2258
2258
2259
2260
2261
2262
2264
2265
2266
2266
2267
2267
2269
2269
2269
2269
2272
2273
2274
2274
2275
2277
2278
2279
2280
2281
2282
2283
2284
2284
2284
2285
2285
2286
2289
2290
2291
2292
2292
2293
2296
2297
2300
2301
2301
2302
2303
2303
2303
2304
2305
2306
2306
2308
2309
2310
2311
2312
2313
2313
2313
2314
2314
2315
2316
2317
2319
2322
2323
2323
2324
2324
2325
2326
2328
2330
2333
2334
2334
2335
2335
2337
2339
2342
2345
2345
2345
2345
2346
2347
2350
2351
2351
2351
2354
2355
2356
2357
2357
2358
2359
2359
2360
2360
2360
2360
2362
2362
2362
2364
2368
2368
2368
2368
2368
2369
2371
2371
2372
2373
2373
2374
2374
2374
2378
2378
2379
2380
2381
2382
2382
2383
2383
2384
2386
2389
2389
2390
2390
2391
2391
2394
2396
2396
2396
2398
2403
2404
2404
2404
2405
2405
2406
2407
2407
2408
2410
2410
2411
2412
2412
2413
2414
2415
2416
2417
2417
2417
2419
2419
2420
2421
2422
2423
2428
2428
2428
2430
2431
2432
2432
2432
2432
2432
2433
2434
2439
2440
2440
2441
2442
2444
2445
2447
2448
2448
2448
2449
2450
2450
2451
2452
2453
2453
2456
2456
2456
2457
2458
2458
2459
2460
2462
2462
2463
2464
2466
2469
2471
2471
2473
2473
2473
2474
2475
2479
2481
2481
2483
2484
2486
2489
2491
2492
2492
2493
2494
2496
2499
2500
2502
2502
2503
2503
2504
2505
2505
2506
2506
2508
2509
2510
2510
2511
2512
2512
2513
2513
2514
2514
2514
2514
2516
2519
2520
2521
2521
2523
2524
2527
2527
2529
2529
2530
2531
2533
2533
2534
2534
2536
2539
2539
2540
2540
2541
2541
2541
2542
2545
2545
2546
2547
2547
2548
2548
2551
2553
2554
2554
2555
2555
2556
2556
2557
2557
2559
2560
2562
2563
2564
2564
2566
2566
2566
2567
2567
2568
2568
2568
2570
2571
2573
2574
2574
2574
2576
2577
2579
2580
2580
2580
2581
2581
2582
2583
2584
2585
2585
2585
2585
2586
2587
2587
2587
2592
2593
2595
2596
2597
2597
2597
2597
2598
2598
2601
2601
2602
2603
2604
2605
2607
2608
2609
2609
2611
2612
2612
2613
2614
2614
2614
2614
2616
2616
2616
2617
2617
2619
2620
2623
2624
2625
2628
2628
2628
2629
2629
2630
2630
2631
2633
2634
2634
2634
2635
2636
2636
2639
2641
2641
2642
2643
2643
2644
2648
2648
2649
2649
2650
2652
2652
2653
2653
2654
2655
2655
2656
2656
2659
2661
2663
2663
2663
2665
2665
2665
2666
2666
2666
2666
2667
2667
2669
2670
2676
2677
2677
2677
2678
2679
2680
2684
2684
2685
2686
2687
2687
2687
2691
2691
2692
2692
2693
2693
2694
2694
2695
2695
2696
2696
2697
2699
2701
2701
2702
2704
2704
2706
2707
2707
2711
2711
2712
2712
2714
2715
2715
2716
2716
2716
2717
2720
2720
2720
2722
2723
2724
2727
2727
2730
2731
2731
2733
2733
2735
2736
2736
2740
2743
2744
2745
2745
2746
2749
2749
2749
2749
2749
2749
2750
2751
2752
2754
2755
2757
2757
2758
2758
2758
2758
2759
2759
2760
2763
2763
2764
2764
2767
2768
2768
2770
2771
2771
2771
2772
2772
2772
2772
2773
2774
2774
2774
2774
2774
2775
2775
2777
2778
2778
2779
2780
2780
2781
2782
2783
2784
2784
2785
2785
2787
2788
2790
2791
2793
2794
2795
2795
2797
2797
2799
2802
2802
2804
2805
2806
2808
2810
2812
2813
2814
2815
2815
2816
2817
2817
2818
2818
2819
2820
2821
2821
2822
2822
2822
2823
2823
2827
2827
2828
2828
2830
2830
2831
2834
2835
2837
2839
2843
2844
2846
2847
2849
2849
2849
2850
2850
2851
2853
2856
2856
2856
2857
2860
2860
2865
2867
2869
2870
2871
2875
2876
2877
2877
2877
2878
2884
2885
2886
2887
2887
2888
2889
2889
2889
2890
2890
2890
2893
2894
2894
2896
2896
2897
2898
2898
2899
2899
2899
2900
2901
2901
2901
2901
2902
2903
2905
2905
2906
2907
2908
2909
2910
2910
2911
2912
2913
2914
2914
2914
2916
2916
2916
2917
2917
2917
2917
2918
2920
2923
2923
2926
2928
2929
2930
2930
2932
2933
2933
2933
2933
2934
2935
2937
2937
2938
2940
2940
2941
2942
2943
2943
2944
2945
2946
2948
2948
2948
2950
2951
2952
2952
2952
2953
2954
2954
2954
2956
2956
2958
2958
2959
2959
2960
2961
2963
2963
2964
2965
2967
2967
2968
2968
2969
2970
2973
2973
2973
2974
2975
2975
2976
2979
2979
2980
2980
2981
2981
2983
2984
2984
2986
2987
2989
2989
2991
2992
2992
2993
2993
2994
2995
2997
2998
2999
3000
3003
3003
3004
3007
3008
3009
3009
3010
3011
3012
3013
3016
3016
3017
3017
3017
3017
3019
3019
3020
3022
3023
3025
3027
3029
3030
3031
3032
3033
3034
3034
3036
3038
3038
3041
3041
3042
3043
3044
3045
3045
3048
3049
3050
3050
3051
3052
3052
3054
3054
3054
3054
3054
3055
3055
3055
3056
3056
3056
3058
3059
3060
3061
3061
3061
3061
3063
3064
3065
3066
3066
3070
3070
3071
3072
3072
3073
3074
3075
3078
3079
3079
3079
3081
3082
3083
3083
3084
3087
3087
3088
3090
3091
3092
3095
3095
3097
3098
3098
3100
3101
3102
3103
3105
3106
3106
3106
3107
3107
3113
3113
3115
3115
3116
3118
3119
3119
3119
3121
3121
3123
3125
3125
3126
3126
3129
3129
3129
3131
3134
3135
3137
3138
3139
3139
3139
3140
3140
3140
3141
3141
3142
3144
3144
3144
3144
3146
3147
3148
3149
3150
3153
3153
3154
3156
3159
3161
3162
3168
3170
3172
3172
3172
3173
3173
3174
3175
3176
3177
3177
3177
3181
3182
3183
3183
3183
3185
3186
3187
3188
3190
3191
3191
3191
3192
3193
3193
3194
3194
3196
3197
3197
3200
3201
3201
3204
3205
3207
3207
3207
3208
3209
3210
3212
3212
3212
3213
3215
3215
3216
3217
3218
3218
3219
3222
3222
3222
3223
3223
3223
3224
3227
3229
3229
3230
3231
3231
3234
3235
3236
3237
3238
3238
3241
3241
3243
3245
3245
3246
3248
3250
3255
3255
3256
3258
3259
3260
3261
3261
3262
3262
3263
3265
3266
3267
3267
3269
3269
3270
3271
3272
3274
3274
3274
3275
3275
3275
3276
3279
3279
3279
3280
3282
3282
3283
3284
3285
3286
3287
3288
3288
3289
3291
3291
3292
3292
3293
3297
3298
3299
3300
3303
3304
3304
3305
3306
3306
3308
3309
3310
3310
3311
3311
3312
3313
3313
3313
3314
3315
3317
3317
3317
3317
3318
3319
3319
3320
3321
3322
3323
3324
3325
3325
3328
3331
3332
3334
3335
3335
3337
3338
3344
3344
3345
3347
3351
3352
3352
3353
3353
3353
3354
3354
3356
3356
3356
3356
3357
3357
3360
3360
3360
3361
3362
3363
3363
3365
3366
3366
3367
3368
3368
3369
3370
3371
3373
3374
3378
3381
3385
3386
3387
3387
3388
3388
3389
3389
3391
3397
3397
3400
3402
3402
3403
3404
3405
3408
3410
3411
3412
3412
3413
3414
3416
3418
3419
3421
3422
3422
3422
3425
3425
3426
3427
3428
3430
3433
3434
3434
3436
3439
3439
3442
3442
3443
3443
3445
3445
3448
3450
3450
3450
3452
3454
3455
3456
3456
3457
3462
3462
3463
3465
3466
3467
3468
3468
3469
3470
3473
3474
3474
3474
3475
3476
3478
3480
3481
3481
3482
3482
3484
3484
3485
3489
3490
3491
3492
3493
3493
3494
3494
3497
3499
3501
3502
3503
3504
3505
3505
3506
3508
3509
3512
3513
3516
3516
3519
3519
3519
3521
3521
3522
3522
3524
3527
3529
3531
3535
3536
3536
3539
3539
3539
3540
3541
3541
3541
3544
3547
3547
3548
3552
3553
3556
3557
3558
3558
3560
3561
3561
3563
3563
3563
3564
3568
3568
3568
3571
3572
3572
3572
3573
3574
3574
3575
3575
3576
3577
3578
3578
3582
3583
3584
3585
3586
3588
3589
3589
3589
3589
3592
3592
3594
3596
3596
3597
3598
3599
3599
3599
3599
3600
3602
3603
3603
3605
3605
3606
3606
3611
3614
3615
3615
3615
3616
3619
3619
3619
3620
3620
3622
3622
3623
3625
3625
3626
3626
3630
3632
3634
3635
3636
3637
3638
3639
3639
3640
3640
3642
3645
3645
3646
3646
3647
3647
3648
3649
3651
3651
3654
3655
3656
3657
3657
3657
3658
3659
3659
3660
3661
3662
3663
3664
3664
3665
3668
3668
3669
3671
3672
3672
3674
3674
3675
3677
3677
3677
3677
3677
3677
3680
3680
3680
3681
3681
3684
3686
3686
3687
3688
3688
3690
3694
3695
3695
3697
3700
3700
3701
3701
3703
3703
3708
3708
3709
3711
3712
3714
3714
3715
3715
3717
3717
3717
3718
3718
3719
3720
3721
3723
3723
3723
3724
3727
3729
3730
3730
3733
3733
3735
3735
3735
3735
3735
3736
3736
3737
3737
3738
3740
3740
3741
3741
3741
3742
3743
3744
3744
3744
3744
3744
3745
3745
3748
3749
3751
3752
3753
3754
3755
3756
3757
3759
3759
3759
3760
3760
3761
3762
3764
3765
3770
3771
3771
3772
3774
3775
3777
3778
3779
3780
3780
3781
3781
3781
3783
3784
3785
3786
3788
3788
3791
3793
3793
3796
3801
3802
3803
3803
3804
3805
3805
3806
3806
3807
3808
3808
3809
3810
3810
3811
3811
3811
3812
3814
3817
3817
3819
3821
3821
3822
3823
3826
3826
3827
3827
3828
3829
3830
3830
3831
3833
3836
3837
3838
3838
3838
3839
3839
3840
3840
3841
3842
3843
3845
3848
3848
3849
3850
3850
3851
3852
3853
3853
3854
3855
3857
3857
3858
3858
3859
3859
3859
3862
3863
3864
3865
3866
3866
3867
3868
3868
3868
3869
3870
3870
3873
3873
3873
3875
3877
3877
3878
3878
3878
3879
3879
3881
3883
3883
3885
3886
3887
3887
3888
3888
3889
3890
3891
3892
3894
3894
3894
3897
3899
3899
3900
3900
3900
3902
3903
3903
3903
3905
3907
3907
3907
3908
3909
3910
3910
3913
3913
3914
3915
3916
3916
3916
3917
3917
3917
3918
3920
3920
3921
3922
3922
3924
3926
3926
3927
3927
3927
3928
3929
3929
3931
3932
3932
3933
3934
3936
3936
3936
3939
3941
3942
3943
3943
3943
3943
3945
3945
3945
3945
3945
3946
3948
3948
3949
3949
3950
3952
3954
3954
3954
3955
3955
3957
3957
3957
3961
3961
3963
3965
3965
3966
3968
3969
3970
3971
3974
3976
3977
3977
3978
3978
3980
3980
3983
3984
3984
3986
3988
3989
3989
3989
3990
3992
3993
3994
3994
3995
3995
3995
3996
3996
3996
3999
4000
4000
4004
4006
4010
4011
4011
4011
4012
4012
4013
4013
4013
4015
4015
4015
4015
4016
4019
4019
4020
4022
4023
4023
4024
4024
4027
4029
4030
4031
4032
4032
4033
4033
4033
4038
4038
4039
4041
4042
4043
4043
4044
4044
4045
4047
4048
4049
4049
4050
4051
4051
4053
4054
4054
4054
4055
4058
4058
4059
4059
4065
4068
4069
4070
4070
4071
4072
4072
4072
4075
4076
4076
4077
4078
4078
4080
4080
4082
4083
4083
4084
4084
4085
4087
4088
4090
4091
4091
4091
4093
4093
4095
4096
4096
4097
4097
4100
4101
4102
4104
4104
4105
4106
4107
4109
4110
4110
4110
4110
4111
4112
4113
4115
4116
4117
4119
4122
4125
4126
4126
4130
4131
4133
4133
4134
4135
4136
4137
4141
4142
4145
4145
4145
4147
4149
4150
4151
4152
4153
4153
4153
4154
4154
4155
4156
4160
4162
4167
4167
4168
4168
4169
4170
4170
4171
4171
4173
4174
4174
4175
4175
4177
4177
4177
4178
4178
4179
4181
4181
4182
4184
4184
4186
4186
4186
4187
4190
4190
4190
4191
4192
4193
4194
4195
4196
4196
4196
4201
4201
4202
4203
4204
4205
4205
4205
4206
4207
4207
4208
4209
4209
4210
4213
4214
4215
4216
4216
4216
4218
4219
4223
4223
4226
4226
4226
4229
4230
4230
4231
4232
4232
4235
4235
4237
4237
4237
4238
4238
4238
4241
4244
4244
4244
4245
4245
4246
4246
4247
4247
4247
4248
4248
4249
4250
4251
4251
4252
4255
4255
4259
4260
4261
4262
4263
4263
4264
4265
4266
4267
4268
4271
4271
4273
4273
4274
4274
4277
4278
4280
4280
4281
4282
4283
4285
4285
4285
4286
4286
4287
4287
4288
4288
4290
4290
4292
4292
4292
4298
4298
4299
4300
4301
4301
4302
4302
4303
4304
4304
4305
4305
4305
4306
4307
4310
4312
4313
4316
4316
4317
4317
4318
4318
4319
4320
4324
4325
4326
4327
4327
4327
4328
4328
4329
4330
4330
4330
4332
4335
4336
4337
4338
4341
4342
4342
4343
4344
4344
4345
4346
4346
4346
4347
4347
4347
4348
4349
4351
4351
4354
4355
4357
4359
4359
4359
4362
4363
4363
4364
4365
4366
4366
4368
4369
4369
4370
4370
4372
4376
4376
4377
4378
4379
4379
4379
4380
4382
4384
4385
4385
4385
4386
4386
4390
4391
4392
4392
4396
4397
4397
4398
4399
4401
4403
4405
4405
4405
4405
4406
4407
4407
4408
4408
4409
4409
4409
4410
4410
4411
4412
4412
4414
4416
4417
4419
4420
4421
4421
4421
4422
4423
4425
4427
4427
4428
4431
4434
4434
4438
4440
4441
4442
4445
4446
4447
4447
4447
4447
4448
4449
4449
4450
4451
4454
4457
4457
4458
4459
4459
4459
4460
4461
4461
4462
4465
4468
4468
4470
4472
4473
4473
4474
4476
4479
4480
4481
4481
4481
4482
4482
4484
4485
4488
4491
4491
4492
4492
4494
4495
4496
4499
4499
4500
4500
4500
4502
4502
4503
4505
4505
4507
4507
4509
4509
4510
4511
4513
4514
4514
4518
4518
4520
4521
4522
4522
4523
4523
4523
4524
4524
4528
4528
4529
4529
4530
4531
4532
4534
4534
4534
4535
4535
4536
4537
4537
4537
4538
4538
4539
4539
4539
4539
4540
4540
4541
4543
4544
4546
4547
4549
4549
4549
4550
4550
4552
4553
4554
4554
4555
4555
4555
4556
4556
4556
4557
4558
4562
4562
4562
4563
4565
4565
4566
4566
4567
4568
4568
4569
4569
4572
4572
4573
4573
4573
4574
4574
4575
4575
4575
4576
4577
4577
4579
4580
4581
4581
4583
4584
4584
4584
4585
4586
4587
4588
4589
4593
4594
4595
4595
4596
4597
4598
4598
4599
4600
4600
4601
4603
4605
4606
4607
4610
4610
4611
4612
4613
4613
4615
4615
4616
4616
4619
4620
4620
4621
4621
4622
4623
4623
4623
4624
4625
4628
4629
4629
4629
4631
4633
4633
4634
4635
4636
4636
4637
4638
4638
4639
4641
4641
4641
4642
4643
4643
4643
4644
4645
4645
4646
4646
4647
4648
4648
4649
4650
4650
4653
4655
4657
4657
4658
4658
4659
4659
4660
4660
4660
4663
4665
4668
4669
4670
4670
4671
4671
4671
4673
4673
4674
4675
4676
4678
4680
4680
4681
4682
4683
4687
4687
4688
4689
4691
4693
4693
4694
4695
4696
4696
4697
4697
4697
4698
4699
4700
4701
4701
4701
4703
4704
4705
4707
4708
4708
4709
4709
4709
4710
4712
4713
4714
4714
4715
4716
4716
4717
4718
4721
4721
4722
4722
4724
4726
4728
4729
4729
4730
4730
4730
4733
4733
4734
4736
4737
4737
4738
4738
4739
4741
4743
4746
4746
4747
4748
4749
4749
4749
4750
4752
4752
4752
4754
4755
4757
4758
4758
4760
4762
4762
4767
4768
4770
4771
4772
4772
4772
4774
4774
4776
4778
4779
4780
4781
4781
4783
4783
4784
4785
4787
4789
4789
4791
4791
4792
4792
4793
4793
4796
4803
4804
4804
4808
4808
4809
4809
4809
4809
4810
4812
4812
4812
4812
4814
4814
4814
4815
4815
4816
4817
4818
4818
4819
4820
4820
4823
4825
4825
4827
4828
4832
4833
4834
4836
4836
4837
4837
4838
4839
4842
4843
4844
4846
4846
4847
4847
4847
4850
4852
4853
4854
4856
4859
4860
4861
4862
4864
4864
4866
4867
4867
4868
4868
4868
4869
4869
4870
4870
4870
4870
4872
4872
4873
4873
4876
4876
4876
4878
4880
4883
4883
4885
4885
4887
4888
4890
4891
4893
4895
4895
4896
4896
4897
4897
4899
4899
4900
4903
4903
4904
4907
4911
4913
4913
4914
4914
4916
4917
4917
4917
4918
4919
4919
4920
4920
4921
4924
4926
4926
4928
4929
4929
4930
4930
4931
4934
4934
4935
4935
4936
4936
4937
4939
4940
4941
4941
4943
4944
4944
4944
4945
4948
4949
4949
4950
4951
4951
4952
4953
4954
4956
4958
4958
4958
4959
4959
4960
4963
4963
4963
4963
4965
4966
4966
4969
4970
4975
4976
4976
4977
4978
4979
4979
4980
4985
4985
4986
4986
4987
4987
4987
4988
4990
4991
4991
4992
4992
4993
4993
4993
4995
4998
4999
4999
4999
5000
5000
5002
5004
5004
5005
5005
5006
5006
5007
5008
5008
5010
5012
5013
5014
5014
5016
5018
5019
5020
5021
5023
5024
5024
5025
5026
5026
5028
5029
5029
5030
5031
5032
5034
5034
5035
5036
5036
5037
5037
5038
5039
5040
5041
5041
5043
5044
5044
5046
5046
5048
5048
5050
5051
5052
5053
5053
5054
5055
5055
5056
5057
5057
5057
5057
5057
5058
5059
5060
5061
5062
5064
5066
5067
5067
5067
5068
5068
5069
5070
5070
5071
5071
5072
5075
5076
5076
5077
5077
5078
5082
5083
5083
5084
5085
5086
5087
5088
5090
5092
5093
5093
5096
5100
5101
5103
5103
5104
5105
5106
5110
5110
5113
5115
5115
5119
5119
5120
5120
5120
5123
5124
5124
5124
5124
5125
5126
5127
5127
5128
5128
5129
5130
5131
5131
5131
5132
5132
5134
5135
5136
5138
5138
5138
5139
5139
5140
5140
5142
5142
5144
5144
5145
5147
5147
5148
5149
5152
5152
5152
5152
5153
5154
5154
5154
5157
5157
5158
5158
5159
5160
5160
5162
5162
5163
5163
5164
5165
5165
5165
5166
5167
5167
5170
5170
5172
5174
5176
5178
5179
5179
5179
5179
5181
5181
5182
5182
5183
5184
5185
5186
5187
5187
5189
5189
5191
5191
5191
5191
5192
5194
5194
5194
5195
5195
5195
5197
5198
5201
5201
5202
5202
5203
5204
5204
5204
5206
5207
5209
5210
5210
5211
5211
5211
5213
5214
5216
5218
5218
5219
5220
5221
5224
5225
5226
5227
5228
5229
5229
5231
5232
5233
5234
5234
5235
5236
5237
5238
5239
5240
5242
5244
5249
5249
5250
5251
5252
5253
5253
5256
5256
5258
5261
5263
5263
5264
5264
5265
5265
5267
5268
5271
5271
5272
5274
5275
5278
5278
5278
5279
5279
5280
5281
5282
5282
5283
5283
5284
5284
5285
5288
5288
5288
5288
5288
5290
5291
5292
5294
5294
5296
5297
5297
5298
5300
5300
5301
5303
5303
5303
5304
5304
5305
5309
5310
5312
5312
5312
5314
5314
5315
5315
5317
5317
5320
5321
5323
5324
5325
5327
5327
5328
5328
5329
5329
5329
5329
5329
5330
5331
5332
5333
5335
5335
5335
5336
5336
5336
5336
5338
5338
5338
5340
5340
5342
5343
5343
5344
5344
5345
5345
5346
5348
5349
5349
5351
5353
5353
5354
5355
5357
5358
5359
5360
5361
5361
5363
5365
5367
5370
5370
5370
5371
5372
5373
5373
5374
5374
5374
5376
5377
5378
5378
5379
5379
5381
5384
5385
5387
5387
5388
5391
5391
5392
5392
5395
5395
5395
5395
5396
5397
5397
5398
5399
5399
5400
5401
5401
5401
5403
5407
5407
5408
5408
5408
5409
5412
5413
5415
5415
5417
5418
5419
5419
5420
5422
5423
5425
5425
5426
5426
5428
5429
5432
5433
5433
5433
5435
5435
5436
5437
5439
5439
5440
5440
5440
5441
5442
5443
5443
5444
5444
5445
5446
5446
5446
5447
5450
5453
5453
5454
5454
5454
5454
5455
5456
5456
5457
5458
5458
5459
5459
5462
5462
5464
5465
5467
5468
5468
5470
5472
5473
5474
5474
5475
5476
5479
5479
5479
5484
5486
5486
5487
5487
5488
5488
5488
5488
5488
5488
5489
5490
5492
5492
5493
5493
5495
5496
5498
5499
5501
5504
5504
5505
5507
5507
5508
5509
5509
5512
5514
5515
5515
5517
5518
5518
5519
5520
5520
5523
5524
5525
5525
5526
5529
5529
5532
5533
5536
5538
5539
5540
5541
5541
5542
5542
5543
5544
5545
5545
5546
5548
5549
5550
5551
5551
5552
5555
5555
5555
5556
5557
5558
5560
5561
5563
5563
5564
5566
5568
5568
5568
5569
5569
5570
5571
5572
5573
5573
5574
5575
5578
5581
5581
5583
5584
5585
5586
5588
5588
5588
5589
5589
5590
5591
5591
5593
5595
5596
5596
5596
5598
5599
5599
5600
5600
5600
5603
5603
5604
5604
5604
5605
5605
5606
5606
5606
5607
5610
5610
5610
5612
5613
5614
5615
5616
5616
5618
5618
5619
5620
5621
5623
5623
5623
5623
5623
5625
5626
5626
5628
5629
5630
5630
5631
5632
5633
5633
5634
5634
5637
5637
5637
5638
5638
5638
5639
5640
5640
5641
5641
5644
5644
5645
5647
5647
5648
5649
5649
5649
5649
5650
5653
5653
5654
5654
5655
5655
5655
5655
5658
5659
5659
5660
5662
5662
5663
5667
5668
5669
5669
5670
5672
5672
5673
5673
5673
5676
5677
5678
5679
5680
5680
5681
5682
5683
5684
5687
5687
5687
5688
5688
5688
5689
5690
5691
5692
5694
5694
5696
5696
5697
5700
5702
5702
5703
5705
5707
5713
5718
5719
5720
5720
5721
5722
5723
5724
5725
5725
5726
5728
5730
5731
5733
5733
5733
5734
5735
5737
5738
5739
5740
5740
5740
5742
5743
5745
5745
5746
5747
5748
5752
5753
5753
5756
5756
5756
5758
5759
5760
5764
5767
5768
5768
5769
5772
5773
5773
5774
5774
5775
5777
5777
5778
5778
5779
5779
5780
5780
5781
5781
5783
5783
5784
5785
5785
5786
5790
5790
5791
5793
5793
5793
5795
5795
5796
5798
5801
5802
5802
5805
5807
5807
5808
5809
5810
5813
5814
5815
5815
5815
5817
5818
5819
5820
5820
5821
5821
5821
5824
5826
5826
5827
5827
5827
5829
5830
5831
5833
5834
5834
5835
5837
5838
5840
5840
5840
5841
5842
5842
5842
5843
5843
5843
5844
5845
5845
5847
5848
5848
5849
5849
5849
5850
5852
5852
5853
5854
5854
5857
5858
5861
5861
5861
5865
5865
5867
5868
5869
5869
5871
5872
5872
5873
5876
5878
5879
5879
5881
5881
5882
5884
5884
5885
5885
5885
5887
5887
5888
5889
5889
5890
5892
5892
5893
5895
5896
5896
5899
5900
5901
5903
5904
5905
5905
5906
5906
5907
5907
5908
5909
5909
5912
5912
5913
5913
5913
5914
5915
5915
5917
5918
5920
5920
5922
5922
5922
5923
5923
5925
5927
5928
5929
5929
5931
5936
5940
5941
5943
5944
5945
5946
5946
5946
5946
5947
5948
5948
5948
5949
5950
5950
5952
5957
5958
5958
5959
5960
5960
5961
5961
5961
5962
5962
5964
5964
5966
5967
5967
5967
5968
5968
5968
5969
5971
5971
5972
5972
5973
5975
5977
5978
5979
5981
5982
5982
5982
5985
5985
5987
5989
5989
5990
5990
5993
5994
5994
5995
5999
5999
5999
6000
6001
6001
6002
6004
6004
6005
6005
6005
6005
6006
6006
6006
6006
6007
6008
6012
6013
6013
6015
6015
6016
6017
6017
6018
6019
6019
6020
6021
6022
6023
6023
6023
6030
6031
6031
6031
6032
6034
6035
6035
6036
6038
6038
6039
6039
6040
6042
6042
6042
6044
6044
6045
6045
6046
6046
6050
6051
6052
6052
6053
6056
6057
6057
6059
6060
6061
6062
6065
6065
6066
6066
6066
6066
6066
6067
6067
6068
6068
6069
6070
6071
6072
6072
6074
6077
6079
6079
6079
6081
6081
6082
6083
6083
6084
6084
6086
6087
6087
6087
6087
6088
6088
6088
6091
6092
6094
6095
6097
6098
6101
6101
6103
6104
6105
6109
6111
6114
6116
6118
6119
6120
6121
6121
6121
6124
6125
6127
6128
6129
6129
6130
6132
6133
6133
6133
6134
6135
6138
6139
6140
6141
6142
6143
6147
6149
6149
6150
6150
6151
6151
6151
6151
6152
6153
6153
6154
6154
6154
6154
6155
6158
6159
6160
6160
6161
6162
6162
6163
6165
6165
6166
6168
6168
6169
6173
6175
6176
6176
6177
6177
6177
6178
6180
6181
6181
6182
6182
6183
6188
6189
6190
6190
6191
6193
6193
6193
6193
6195
6195
6197
6197
6197
6199
6200
6200
6201
6201
6201
6201
6202
6202
6204
6206
6207
6207
6207
6209
6210
6210
6210
6210
6211
6211
6211
6211
6212
6212
6214
6216
6216
6218
6220
6220
6220
6222
6223
6225
6229
6230
6230
6232
6232
6232
6233
6234
6235
6235
6235
6235
6237
6238
6240
6242
6244
6244
6246
6246
6247
6249
6249
6249
6250
6251
6251
6252
6252
6252
6254
6254
6255
6256
6257
6257
6257
6258
6262
6262
6263
6265
6268
6270
6271
6271
6272
6273
6273
6273
6276
6276
6278
6278
6279
6279
6281
6281
6283
6283
6283
6284
6286
6286
6286
6287
6287
6287
6288
6289
6289
6289
6289
6291
6291
6291
6295
6295
6296
6298
6301
6301
6301
6302
6303
6304
6309
6310
6310
6310
6310
6311
6312
6312
6314
6314
6316
6318
6318
6318
6321
6321
6322
6324
6325
6325
6325
6326
6326
6327
6329
6331
6331
6332
6333
6333
6335
6335
6337
6337
6338
6339
6341
6342
6345
6345
6346
6348
6349
6352
6352
6355
6356
6356
6357
6359
6360
6361
6362
6364
6364
6366
6366
6367
6367
6369
6370
6371
6373
6374
6374
6374
6375
6376
6376
6376
6377
6378
6378
6379
6381
6381
6386
6386
6388
6390
6390
6390
6391
6391
6391
6396
6396
6398
6398
6399
6402
6402
6402
6403
6403
6404
6404
6404
6406
6407
6407
6407
6408
6408
6408
6409
6409
6411
6413
6414
6415
6416
6417
6418
6418
6418
6419
6420
6421
6421
6422
6422
6422
6424
6425
6425
6425
6425
6428
6430
6431
6432
6438
6439
6440
6444
6445
6445
6446
6446
6447
6449
6449
6450
6451
6452
6453
6453
6453
6453
6454
6455
6455
6455
6456
6457
6457
6458
6458
6459
6460
6461
6463
6464
6464
6464
6465
6468
6470
6471
6472
6472
6474
6474
6474
6475
6476
6476
6478
6478
6480
6482
6482
6483
6483
6484
6485
6485
6485
6487
6487
6488
6489
6495
6498
6500
6503
6503
6504
6504
6506
6507
6508
6510
6511
6511
6513
6514
6517
6518
6521
6523
6524
6524
6526
6527
6527
6528
6528
6530
6533
6534
6534
6535
6537
6537
6538
6539
6539
6540
6541
6541
6542
6542
6544
6545
6547
6548
6549
6551
6551
6551
6553
6553
6556
6557
6557
6557
6557
6558
6559
6559
6560
6560
6561
6561
6562
6563
6565
6565
6569
6569
6569
6570
6570
6570
6571
6574
6575
6575
6576
6577
6577
6580
6580
6581
6581
6581
6583
6584
6585
6586
6587
6588
6588
6589
6591
6591
6591
6595
6595
6596
6596
6599
6599
6602
6602
6603
6604
6605
6606
6608
6608
6610
6612
6612
6614
6615
6615
6616
6618
6619
6619
6620
6622
6623
6624
6626
6628
6629
6630
6630
6631
6631
6632
6632
6633
6636
6637
6637
6638
6639
6640
6641
6642
6644
6644
6645
6645
6645
6646
6646
6648
6650
6651
6653
6654
6655
6659
6659
6661
6661
6663
6663
6664
6664
6664
6666
6666
6666
6667
6667
6668
6669
6669
6670
6671
6672
6672
6675
6676
6678
6682
6682
6682
6683
6683
6684
6684
6686
6688
6688
6689
6689
6689
6689
6691
6691
6694
6696
6696
6697
6698
6698
6698
6702
6703
6705
6706
6706
6707
6707
6708
6709
6709
6711
6716
6716
6721
6721
6722
6724
6724
6725
6725
6727
6728
6729
6729
6730
6730
6730
6731
6731
6732
6733
6733
6734
6734
6735
6736
6736
6737
6738
6739
6741
6741
6742
6745
6749
6752
6754
6755
6756
6756
6757
6759
6761
6763
6764
6766
6767
6770
6771
6771
6772
6775
6775
6775
6775
6776
6776
6778
6780
6780
6782
6783
6783
6784
6786
6787
6787
6788
6789
6789
6789
6790
6792
6792
6794
6795
6795
6796
6797
6798
6799
6799
6799
6800
6802
6802
6803
6805
6806
6811
6811
6811
6813
6814
6814
6815
6815
6817
6818
6819
6819
6820
6820
6820
6821
6821
6822
6823
6824
6824
6824
6824
6825
6829
6829
6830
6831
6832
6832
6834
6834
6835
6837
6838
6838
6840
6841
6841
6842
6842
6842
6843
6843
6844
6844
6844
6845
6846
6847
6848
6850
6850
6851
6851
6855
6857
6859
6860
6860
6861
6861
6861
6863
6863
6866
6866
6867
6869
6871
6872
6872
6873
6875
6876
6877
6878
6879
6882
6882
6882
6884
6884
6885
6890
6893
6893
6896
6896
6900
6902
6902
6905
6906
6907
6908
6908
6910
6911
6911
6913
6915
6916
6917
6917
6919
6920
6921
6921
6922
6924
6924
6925
6925
6925
6926
6927
6929
6931
6933
6933
6933
6933
6934
6934
6934
6935
6935
6936
6936
6936
6938
6941
6941
6942
6942
6943
6944
6946
6949
6954
6954
6954
6954
6956
6956
6956
6957
6959
6962
6965
6966
6969
6969
6970
6970
6970
6972
6974
6975
6979
6980
6982
6983
6987
6989
6989
6989
6990
6990
6991
6991
6991
6995
6996
6996
6997
6998
6999
6999
7003
7004
7005
7008
7008
7010
7010
7010
7012
7013
7017
7017
7017
7019
7020
7021
7022
7022
7022
7023
7023
7024
7026
7027
7027
7028
7031
7031
7031
7032
7034
7035
7036
7039
7039
7039
7040
7040
7041
7042
7042
7044
7045
7045
7045
7046
7046
7046
7048
7049
7050
7050
7052
7053
7055
7056
7057
7057
7057
7058
7059
7059
7059
7059
7060
7061
7062
7062
7062
7063
7064
7067
7068
7069
7073
7074
7074
7076
7081
7082
7083
7083
7084
7086
7089
7089
7089
7089
7091
7094
7094
7096
7096
7096
7098
7100
7101
7102
7102
7103
7103
7104
7104
7105
7106
7107
7108
7108
7109
7109
7109
7110
7111
7111
7112
7113
7115
7115
7117
7118
7118
7118
7119
7119
7121
7121
7122
7123
7124
7124
7126
7127
7128
7129
7130
7132
7133
7133
7134
7137
7137
7137
7138
7138
7138
7138
7139
7139
7140
7141
7141
7141
7143
7144
7144
7144
7145
7146
7146
7148
7149
7149
7150
7151
7153
7155
7155
7155
7157
7158
7159
7159
7159
7160
7160
7161
7163
7165
7165
7166
7167
7167
7167
7168
7168
7168
7169
7169
7173
7174
7176
7177
7177
7177
7178
7179
7180
7181
7184
7184
7185
7186
7186
7188
7189
7189
7190
7190
7191
7192
7192
7193
7195
7195
7196
7199
7199
7200
7201
7201
7202
7202
7202
7203
7203
7204
7204
7206
7206
7207
7207
7207
7208
7208
7209
7209
7209
7210
7215
7215
7215
7215
7218
7219
7220
7220
7222
7223
7224
7225
7226
7227
7227
7227
7231
7233
7233
7235
7237
7239
7240
7241
7242
7242
7242
7243
7244
7244
7246
7246
7247
7248
7250
7250
7251
7251
7251
7252
7254
7254
7255
7256
7256
7256
7257
7257
7258
7260
7261
7263
7264
7265
7267
7269
7274
7275
7275
7277
7280
7280
7281
7286
7286
7289
7290
7290
7291
7292
7293
7293
7294
7294
7294
7297
7297
7297
7299
7300
7300
7300
7301
7301
7301
7301
7301
7301
7302
7305
7305
7306
7307
7309
7312
7312
7313
7313
7317
7320
7321
7324
7325
7325
7326
7327
7327
7328
7328
7328
7328
7329
7335
7335
7335
7336
7336
7336
7337
7337
7338
7338
7339
7339
7340
7340
7341
7345
7347
7348
7350
7351
7356
7357
7357
7357
7357
7357
7358
7359
7360
7361
7362
7366
7370
7373
7373
7373
7373
7374
7376
7376
7379
7384
7384
7386
7387
7389
7389
7392
7393
7395
7396
7396
7396
7396
7398
7398
7399
7400
7401
7404
7404
7405
7405
7405
7407
7407
7408
7408
7409
7409
7410
7411
7412
7413
7417
7417
7417
7418
7418
7420
7420
7421
7421
7422
7423
7423
7423
7424
7426
7429
7432
7433
7433
7435
7437
7438
7439
7440
7440
7441
7442
7442
7443
7444
7444
7446
7448
7450
7451
7452
7454
7455
7456
7457
7458
7460
7461
7461
7462
7462
7463
7464
7464
7464
7467
7467
7467
7468
7468
7468
7469
7471
7471
7472
7478
7479
7480
7483
7485
7486
7486
7489
7490
7490
7491
7493
7493
7495
7497
7498
7498
7499
7500
7501
7502
7502
7503
7503
7503
7503
7505
7505
7506
7507
7508
7508
7510
7511
7511
7513
7515
7518
7519
7521
7521
7522
7522
7523
7527
7527
7528
7528
7529
7529
7530
7530
7530
7532
7533
7533
7533
7534
7536
7536
7536
7537
7538
7539
7541
7544
7545
7545
7545
7546
7550
7551
7553
7553
7553
7555
7555
7555
7555
7556
7557
7558
7559
7560
7562
7566
7574
7579
7581
7581
7581
7582
7583
7584
7584
7584
7585
7586
7588
7588
7590
7590
7590
7592
7592
7593
7594
7594
7594
7596
7597
7597
7598
7598
7598
7598
7599
7599
7600
7601
7601
7601
7602
7603
7605
7606
7606
7607
7610
7611
7612
7614
7617
7617
7618
7618
7619
7620
7622
7623
7623
7625
7627
7628
7628
7629
7630
7632
7632
7632
7634
7636
7636
7636
7638
7642
7642
7642
7642
7643
7644
7644
7645
7646
7649
7650
7651
7652
7652
7655
7657
7657
7661
7661
7661
7661
7662
7663
7663
7663
7664
7664
7665
7667
7668
7670
7670
7672
7672
7673
7673
7673
7673
7675
7676
7676
7676
7678
7679
7681
7682
7682
7683
7684
7685
7685
7686
7687
7688
7689
7689
7689
7690
7691
7692
7696
7697
7698
7702
7704
7705
7707
7707
7709
7709
7710
7711
7712
7714
7714
7715
7715
7717
7717
7718
7718
7719
7720
7721
7722
7722
7725
7728
7728
7729
7731
7731
7734
7737
7738
7738
7738
7739
7739
7740
7740
7740
7741
7742
7742
7743
7743
7743
7744
7745
7746
7746
7748
7749
7750
7750
7751
7751
7754
7755
7756
7756
7757
7758
7759
7759
7760
7760
7762
7762
7763
7763
7763
7765
7765
7765
7769
7772
7773
7774
7776
7777
7778
7781
7783
7784
7784
7785
7786
7786
7790
7790
7791
7792
7794
7796
7796
7796
7798
7798
7801
7801
7802
7803
7804
7804
7804
7808
7810
7815
7815
7817
7820
7821
7821
7821
7823
7825
7825
7826
7826
7826
7827
7829
7829
7829
7829
7830
7831
7832
7832
7832
7834
7836
7836
7836
7836
7837
7838
7838
7841
7841
7843
7844
7845
7846
7846
7847
7847
7847
7849
7849
7850
7852
7854
7854
7854
7855
7855
7859
7859
7863
7864
7865
7865
7865
7869
7871
7872
7872
7873
7873
7874
7875
7876
7876
7878
7879
7880
7881
7881
7881
7884
7885
7887
7888
7890
7891
7895
7900
7900
7901
7903
7904
7904
7904
7904
7905
7905
7905
7906
7906
7906
7907
7908
7909
7909
7909
7910
7910
7910
7911
7912
7912
7914
7916
7917
7919
7920
7921
7921
7922
7923
7924
7926
7926
7927
7928
7931
7931
7932
7932
7933
7933
7934
7934
7936
7938
7939
7941
7941
7942
7942
7943
7943
7944
7947
7948
7949
7949
7949
7949
7950
7950
7952
7952
7953
7955
7956
7957
7957
7959
7959
7961
7963
7964
7964
7966
7966
7967
7967
7968
7968
7970
7970
7970
7971
7971
7972
7973
7973
7973
7975
7976
7976
7977
7977
7982
7982
7982
7987
7987
7988
7988
7988
7988
7988
7989
7994
7994
7995
7995
7996
7996
7997
7997
7998
7999
7999
8000
8000
8000
8001
8002
8002
8006
8008
8008
8008
8011
8011
8013
8014
8015
8019
8020
8022
8023
8023
8024
8024
8026
8027
8027
8027
8027
8028
8029
8030
8034
8034
8035
8036
8036
8037
8037
8038
8039
8039
8039
8039
8043
8044
8046
8046
8047
8047
8049
8051
8051
8051
8051
8053
8053
8054
8057
8058
8058
8059
8061
8063
8063
8063
8066
8067
8072
8073
8075
8075
8075
8076
8077
8077
8079
8080
8081
8083
8086
8087
8088
8088
8089
8089
8090
8090
8091
8091
8092
8092
8093
8094
8095
8095
8099
8100
8100
8102
8104
8106
8106
8108
8108
8111
8112
8112
8114
8114
8115
8115
8117
8118
8124
8124
8125
8125
8125
8126
8127
8127
8129
8130
8130
8131
8131
8132
8133
8133
8133
8134
8135
8139
8141
8142
8143
8143
8145
8145
8146
8146
8146
8148
8148
8149
8149
8149
8149
8151
8152
8152
8153
8159
8160
8161
8161
8162
8163
8163
8165
8165
8166
8166
8166
8168
8169
8174
8175
8175
8176
8178
8178
8178
8179
8180
8186
8186
8186
8189
8189
8192
8192
8193
8193
8193
8193
8194
8194
8195
8195
8196
8197
8197
8197
8197
8197
8199
8200
8200
8200
8200
8202
8203
8203
8204
8204
8204
8206
8206
8209
8210
8211
8214
8216
8217
8217
8218
8220
8220
8220
8221
8224
8224
8226
8228
8230
8230
8230
8231
8232
8235
8236
8236
8236
8237
8238
8239
8239
8241
8242
8243
8244
8244
8244
8245
8245
8246
8249
8249
8250
8251
8252
8253
8253
8254
8255
8255
8255
8255
8256
8256
8256
8257
8257
8260
8261
8264
8264
8264
8265
8266
8268
8271
8272
8273
8273
8273
8275
8277
8278
8280
8280
8281
8282
8283
8285
8285
8286
8288
8288
8291
8294
8294
8295
8295
8296
8296
8297
8297
8298
8299
8300
8301
8302
8304
8304
8305
8305
8305
8305
8306
8306
8307
8308
8309
8310
8310
8312
8312
8312
8313
8313
8314
8314
8315
8316
8317
8318
8319
8319
8320
8322
8323
8323
8328
8329
8332
8333
8338
8338
8339
8340
8340
8341
8343
8343
8343
8343
8346
8346
8347
8348
8348
8348
8352
8353
8353
8354
8354
8356
8356
8358
8358
8360
8360
8361
8362
8364
8365
8369
8370
8371
8371
8373
8373
8374
8375
8376
8376
8377
8377
8379
8379
8380
8380
8381
8381
8381
8382
8382
8383
8383
8383
8383
8384
8384
8384
8386
8387
8388
8388
8391
8391
8391
8394
8395
8395
8397
8398
8398
8399
8401
8403
8405
8406
8406
8408
8409
8410
8410
8411
8412
8413
8414
8415
8417
8420
8421
8422
8423
8424
8426
8426
8426
8426
8427
8428
8428
8428
8428
8430
8431
8431
8434
8435
8437
8440
8442
8443
8444
8444
8445
8445
8447
8447
8447
8451
8453
8454
8455
8458
8459
8460
8462
8462
8464
8464
8465
8465
8465
8466
8468
8469
8471
8474
8474
8476
8478
8479
8479
8479
8480
8480
8481
8482
8482
8482
8483
8484
8484
8487
8488
8489
8489
8491
8492
8494
8496
8497
8498
8499
8499
8501
8501
8502
8504
8504
8505
8505
8508
8510
8510
8510
8513
8515
8515
8517
8517
8518
8518
8521
8522
8522
8523
8524
8524
8525
8525
8525
8526
8526
8526
8528
8529
8529
8530
8531
8533
8535
8536
8537
8537
8537
8540
8540
8541
8543
8545
8545
8546
8546
8546
8548
8548
8548
8550
8550
8551
8551
8551
8553
8555
8557
8558
8558
8559
8559
8559
8559
8560
8561
8561
8563
8564
8564
8565
8566
8568
8569
8571
8572
8574
8574
8575
8576
8576
8577
8579
8579
8579
8580
8581
8582
8582
8584
8586
8587
8587
8589
8590
8590
8595
8595
8595
8596
8596
8596
8598
8598
8599
8600
8600
8602
8603
8606
8606
8607
8608
8608
8609
8609
8614
8616
8616
8616
8616
8618
8619
8623
8623
8623
8624
8627
8627
8628
8630
8631
8631
8631
8633
8633
8633
8635
8635
8635
8638
8639
8641
8643
8645
8647
8648
8648
8649
8652
8652
8652
8653
8654
8655
8657
8657
8657
8659
8659
8660
8661
8664
8664
8667
8670
8670
8672
8673
8674
8674
8676
8677
8677
8678
8679
8679
8681
8683
8683
8684
8685
8685
8685
8688
8688
8692
8692
8692
8692
8693
8696
8697
8698
8698
8698
8699
8700
8700
8702
8703
8703
8704
8704
8706
8706
8707
8710
8713
8713
8713
8718
8719
8720
8720
8721
8721
8722
8723
8724
8724
8725
8729
8731
8732
8732
8735
8736
8737
8737
8737
8737
8738
8739
8740
8744
8747
8750
8750
8750
8751
8753
8753
8754
8755
8755
8763
8763
8765
8765
8765
8767
8768
8769
8774
8774
8774
8774
8775
8775
8775
8775
8778
8780
8782
8784
8786
8787
8787
8787
8788
8789
8789
8789
8790
8790
8791
8793
8795
8795
8797
8797
8798
8800
8801
8801
8801
8802
8802
8802
8803
8804
8804
8804
8804
8805
8806
8808
8808
8809
8810
8811
8811
8812
8813
8816
8817
8818
8820
8821
8821
8821
8821
8824
8824
8825
8826
8826
8826
8828
8828
8829
8831
8833
8833
8836
8837
8837
8838
8838
8838
8838
8839
8839
8840
8841
8842
8842
8845
8846
8850
8853
8854
8854
8854
8855
8856
8856
8857
8862
8862
8868
8869
8872
8874
8878
8879
8880
8882
8882
8882
8883
8888
8888
8889
8889
8889
8890
8890
8891
8892
8894
8895
8896
8896
8897
8899
8901
8904
8904
8905
8906
8906
8906
8907
8907
8908
8909
8909
8910
8910
8911
8914
8915
8915
8915
8917
8917
8918
8919
8920
8929
8929
8929
8930
8932
8932
8933
8933
8934
8934
8934
8935
8936
8936
8937
8937
8938
8938
8939
8939
8939
8943
8946
8949
8953
8953
8955
8956
8956
8956
8957
8957
8958
8958
8958
8958
8958
8960
8962
8963
8963
8964
8966
8968
8970
8971
8972
8972
8973
8974
8974
8975
8976
8979
8980
8980
8981
8981
8982
8983
8985
8989
8989
8990
8991
8994
8995
8996
8996
9000
9003
9004
9005
9006
9007
9007
9008
9009
9010
9011
9011
9011
9013
9014
9015
9017
9019
9023
9023
9024
9027
9027
9028
9028
9030
9031
9031
9031
9031
9033
9033
9034
9036
9037
9038
9038
9040
9041
9042
9043
9044
9044
9045
9046
9047
9047
9048
9049
9049
9049
9050
9050
9052
9053
9054
9054
9055
9056
9057
9058
9059
9061
9062
9062
9062
9063
9064
9065
9065
9065
9066
9066
9068
9068
9071
9071
9071
9071
9071
9072
9077
9078
9080
9080
9080
9081
9081
9082
9082
9083
9084
9085
9085
9085
9085
9085
9087
9089
9089
9090
9091
9092
9095
9095
9098
9100
9101
9103
9106
9107
9108
9110
9112
9112
9114
9115
9115
9116
9117
9117
9118
9120
9121
9121
9122
9122
9123
9123
9124
9127
9128
9130
9131
9133
9137
9137
9139
9139
9141
9142
9142
9144
9144
9144
9145
9145
9146
9147
9147
9148
9150
9151
9151
9151
9151
9153
9154
9154
9156
9157
9157
9157
9159
9159
9160
9161
9161
9165
9166
9168
9168
9170
9171
9172
9173
9174
9175
9176
9176
9178
9179
9179
9180
9187
9188
9190
9190
9192
9193
9194
9194
9195
9197
9197
9199
9200
9200
9201
9201
9201
9205
9206
9206
9207
9208
9209
9209
9210
9214
9214
9215
9217
9218
9219
9220
9225
9226
9226
9227
9227
9227
9227
9228
9229
9230
9230
9231
9232
9234
9234
9234
9236
9236
9237
9238
9240
9240
9242
9243
9245
9245
9245
9247
9250
9251
9251
9251
9253
9254
9257
9257
9257
9257
9257
9258
9259
9260
9260
9261
9261
9262
9262
9262
9262
9266
9266
9268
9269
9269
9271
9272
9273
9274
9275
9275
9279
9279
9279
9279
9282
9284
9285
9286
9286
9287
9287
9287
9288
9288
9288
9288
9289
9289
9289
9291
9292
9293
9294
9296
9296
9296
9298
9299
9301
9302
9304
9304
9305
9305
9306
9306
9308
9309
9310
9311
9315
9316
9317
9319
9321
9321
9322
9323
9324
9324
9327
9329
9332
9332
9332
9332
9333
9334
9335
9336
9337
9338
9339
9340
9340
9342
9344
9344
9345
9345
9347
9347
9347
9348
9348
9349
9350
9350
9352
9352
9353
9354
9355
9355
9356
9357
9358
9358
9359
9360
9361
9362
9362
9364
9365
9365
9367
9368
9368
9370
9370
9371
9373
9373
9373
9373
9374
9374
9376
9378
9378
9378
9378
9379
9382
9383
9383
9385
9385
9386
9387
9387
9387
9388
9390
9390
9390
9391
9391
9392
9392
9393
9394
9394
9395
9396
9396
9396
9397
9397
9397
9397
9399
9400
9400
9400
9402
9403
9404
9405
9406
9406
9407
9407
9410
9412
9412
9413
9413
9413
9417
9417
9419
9421
9423
9423
9423
9425
9427
9427
9428
9429
9430
9431
9431
9431
9433
9434
9434
9434
9435
9439
9440
9442
9442
9442
9443
9443
9444
9444
9444
9445
9447
9447
9447
9448
9449
9452
9452
9452
9455
9455
9456
9457
9457
9461
9461
9462
9463
9463
9465
9467
9467
9467
9467
9469
9470
9471
9471
9473
9474
9474
9478
9479
9480
9481
9481
9482
9482
9485
9486
9487
9487
9487
9489
9489
9490
9493
9495
9496
9497
9497
9498
9500
9500
9501
9503
9504
9504
9504
9505
9506
9506
9507
9508
9508
9512
9513
9514
9514
9517
9517
9518
9523
9524
9525
9527
9528
9529
9530
9530
9531
9531
9531
9532
9533
9534
9534
9537
9537
9540
9542
9543
9543
9544
9545
9546
9546
9548
9549
9550
9552
9556
9558
9558
9559
9561
9562
9562
9562
9563
9564
9564
9566
9567
9567
9568
9568
9571
9574
9575
9575
9576
9576
9576
9577
9578
9578
9579
9580
9580
9580
9581
9581
9583
9583
9583
9584
9587
9590
9592
9592
9592
9593
9594
9594
9595
9595
9595
9596
9596
9597
9599
9599
9600
9601
9601
9602
9604
9604
9605
9605
9606
9606
9608
9613
9613
9614
9617
9618
9618
9621
9622
9622
9622
9623
9623
9623
9624
9624
9625
9626
9626
9628
9628
9629
9629
9631
9631
9631
9632
9633
9634
9634
9635
9639
9639
9639
9639
9641
9643
9643
9644
9646
9647
9650
9650
9656
9657
9659
9660
9660
9661
9662
9663
9664
9664
9665
9669
9671
9673
9673
9673
9674
9675
9675
9675
9675
9676
9676
9677
9679
9679
9681
9682
9683
9685
9685
9686
9686
9686
9688
9689
9689
9690
9692
9694
9698
9699
9700
9702
9705
9705
9707
9707
9708
9708
9709
9710
9710
9711
9716
9717
9717
9720
9720
9721
9722
9723
9723
9726
9727
9727
9728
9729
9731
9733
9735
9735
9735
9736
9738
9739
9739
9739
9741
9741
9742
9746
9747
9747
9749
9749
9750
9751
9751
9752
9752
9752
9755
9755
9756
9759
9759
9761
9761
9766
9766
9767
9767
9768
9769
9770
9772
9772
9775
9775
9775
9776
9777
9778
9778
9778
9778
9778
9779
9779
9779
9780
9780
9780
9781
9782
9783
9784
9784
9786
9787
9788
9788
9789
9790
9793
9796
9797
9801
9803
9803
9803
9805
9806
9806
9808
9808
9808
9810
9811
9812
9814
9814
9815
9816
9816
9817
9817
9817
9822
9824
9826
9826
9826
9828
9829
9831
9833
9835
9839
9839
9840
9840
9841
9841
9841
9843
9843
9843
9844
9844
9847
9847
9848
9850
9852
9853
9854
9856
9858
9858
9858
9861
9861
9861
9861
9862
9862
9862
9862
9863
9863
9864
9865
9866
9866
9866
9867
9869
9870
9870
9870
9871
9873
9873
9873
9874
9875
9876
9878
9878
9879
9879
9880
9881
9883
9884
9886
9887
9888
9889
9889
9890
9890
9892
9893
9893
9895
9897
9898
9898
9898
9899
9899
9900
9900
9901
9906
9909
9909
9909
9910
9911
9911
9914
9916
9917
9918
9918
9921
9922
9922
9924
9925
9925
9925
9926
9927
9928
9929
9930
9930
9932
9933
9934
9934
9935
9936
9938
9939
9939
9941
9942
9944
9946
9947
9948
9950
9950
9950
9951
9952
9954
9954
9955
9958
9959
9960
9960
9961
9961
9961
9962
9964
9965
9966
9966
9970
9970
9972
9973
9973
9974
9975
9977
9977
9978
9978
9982
9983
9984
9985
9986
9987
9987
9988
9989
9990
9990
9991
9991
9992
9992
9992
9996
9997
9999
10000
10001
10001
10003
10003
10004
10005
10005
10006
10008
10009
10010
10010
10011
10011
10011
10012
10012
10012
10013
10013
10014
10015
10016
10016
10016
10018
10018
10018
10018
10020
10021
10025
10026
10026
10029
10030
10031
10031
10031
10031
10032
10033
10033
10033
10035
10036
10036
10036
10037
10037
10038
10039
10039
10042
10044
10049
10049
10052
10052
10054
10056
10057
10058
10059
10059
10060
10061
10061
10061
10061
10063
10064
10066
10067
10068
10070
10070
10072
10072
10072
10073
10075
10075
10078
10079
10085
10086
10086
10087
10088
10089
10090
10090
10092
10093
10096
10098
10099
10099
10102
10102
10103
10104
10105
10105
10108
10110
10112
10113
10114
10116
10117
10120
10120
10120
10120
10120
10121
10122
10126
10126
10128
10128
10131
10132
10135
10136
10137
10139
10141
10142
10144
10145
10146
10146
10146
10148
10148
10149
10152
10153
10154
10155
10155
10156
10157
10159
10159
10161
10163
10163
10164
10164
10165
10166
10167
10167
10167
10167
10170
10172
10172
10173
10177
10179
10179
10180
10180
10181
10182
10183
10186
10187
10188
10189
10192
10192
10193
10194
10195
10196
10197
10199
10202
10203
10203
10204
10204
10205
10207
10210
10210
10211
10213
10215
10216
10217
10219
10219
10220
10220
10220
10220
10223
10225
10230
10234
10236
10238
10240
10240
10241
10241
10241
10242
10243
10245
10245
10245
10246
10247
10248
10248
10248
10249
10250
10251
10253
10253
10253
10253
10255
10255
10256
10256
10256
10258
10260
10262
10266
10267
10268
10268
10269
10270
10272
10273
10273
10275
10279
10282
10283
10283
10285
10286
10287
10287
10287
10287
10287
10289
10292
10292
10293
10296
10296
10297
10297
10297
10300
10303
10303
10306
10306
10306
10306
10307
10310
10311
10312
10312
10313
10313
10314
10314
10316
10316
10316
10317
10317
10320
10323
10323
10324
10324
10325
10326
10327
10329
10329
10332
10332
10332
10333
10333
10335
10336
10337
10340
10340
10341
10342
10342
10342
10342
10343
10343
10343
10343
10344
10344
10347
10347
10348
10348
10349
10349
10350
10351
10353
10353
10354
10356
10357
10360
10360
10362
10363
10364
10365
10365
10366
10366
10366
10366
10366
10367
10367
10369
10370
10371
10372
10378
10378
10379
10381
10384
10384
10385
10386
10386
10387
10388
10390
10390
10391
10395
10396
10398
10398
10401
10401
10403
10405
10406
10407
10408
10408
10409
10409
10409
10410
10410
10411
10413
10413
10414
10414
10415
10415
10416
10416
10416
10418
10419
10419
10419
10420
10420
10422
10423
10423
10425
10427
10428
10428
10429
10429
10430
10431
10433
10434
10435
10437
10439
10440
10441
10442
10443
10443
10444
10445
10446
10447
10451
10452
10453
10454
10454
10455
10455
10457
10458
10463
10464
10464
10464
10465
10467
10468
10468
10472
10473
10473
10474
10474
10477
10478
10480
10481
10482
10484
10485
10486
10487
10487
10489
10489
10490
10490
10491
10492
10493
10494
10495
10495
10495
10495
10496
10496
10497
10497
10500
10500
10502
10502
10503
10505
10505
10506
10507
10508
10508
10508
10509
10510
10510
10510
10510
10512
10513
10513
10515
10515
10517
10520
10520
10522
10525
10530
10533
10534
10535
10536
10537
10538
10538
10538
10538
10541
10544
10545
10545
10547
10548
10551
10552
10552
10552
10553
10554
10555
10555
10556
10556
10559
10560
10561
10561
10562
10563
10563
10566
10571
10572
10572
10572
10573
10574
10574
10575
10575
10575
10575
10585
10586
10588
10589
10589
10590
10590
10591
10592
10594
10595
10595
10595
10597
10597
10598
10598
10599
10600
10601
10603
10603
10604
10606
10609
10610
10610
10610
10611
10613
10615
10616
10617
10617
10618
10619
10619
10620
10620
10621
10621
10623
10626
10628
10630
10630
10631
10631
10631
10632
10633
10633
10634
10635
10635
10637
10638
10641
10642
10643
10643
10645
10645
10646
10647
10649
10649
10650
10652
10653
10653
10655
10656
10657
10657
10657
10658
10658
10660
10661
10661
10662
10662
10664
10664
10665
10665
10666
10666
10668
10669
10669
10670
10672
10672
10672
10673
10674
10676
10678
10679
10679
10680
10681
10685
10685
10687
10689
10690
10690
10691
10692
10692
10693
10693
10694
10694
10695
10696
10697
10697
10697
10699
10700
10705
10706
10706
10707
10708
10709
10710
10711
10711
10712
10713
10714
10715
10715
10716
10718
10719
10719
10719
10720
10720
10721
10722
10724
10724
10724
10725
10727
10727
10729
10730
10732
10732
10734
10735
10736
10736
10736
10736
10737
10737
10739
10739
10739
10741
10741
10744
10744
10745
10745
10746
10746
10748
10748
10750
10750
10751
10751
10752
10752
10753
10759
10759
10759
10759
10760
10761
10764
10764
10765
10765
10766
10767
10768
10769
10772
10774
10775
10776
10776
10776
10777
10778
10780
10780
10782
10783
10786
10786
10786
10787
10788
10788
10788
10790
10790
10791
10791
10791
10791
10793
10793
10794
10794
10797
10799
10799
10799
10799
10800
10800
10801
10802
10802
10806
10807
10808
10809
10810
10810
10810
10812
10813
10815
10817
10817
10818
10820
10820
10821
10823
10823
10824
10824
10824
10826
10826
10826
10827
10828
10829
10830
10830
10832
10833
10834
10835
10837
10837
10838
10838
10839
10839
10839
10840
10841
10841
10842
10843
10844
10846
10850
10850
10851
10852
10853
10854
10855
10855
10856
10857
10857
10861
10861
10861
10864
10865
10865
10865
10866
10867
10869
10869
10869
10869
10869
10873
10874
10875
10875
10876
10878
10879
10880
10882
10883
10884
10887
10888
10889
10889
10890
10890
10891
10891
10893
10894
10894
10896
10896
10897
10900
10902
10903
10903
10904
10905
10905
10905
10906
10906
10908
10912
10912
10913
10913
10914
10914
10915
10917
10918
10918
10918
10920
10920
10921
10922
10923
10925
10927
10932
10932
10932
10933
10934
10934
10934
10936
10938
10938
10939
10941
10941
10943
10943
10944
10945
10945
10945
10945
10945
10947
10948
10948
10949
10952
10952
10952
10954
10958
10958
10962
10963
10963
10964
10964
10964
10964
10965
10965
10966
10966
10968
10968
10969
10970
10973
10974
10974
10974
10976
10977
10978
10979
10979
10980
10980
10980
10980
10980
10981
10981
10982
10982
10984
10986
10986
10988
10990
10990
10991
10992
10992
10992
10993
10994
10995
10997
10999
11001
11001
11001
11003
11003
11004
11004
11007
11009
11009
11009
11010
11012
11014
11017
11017
11019
11019
11021
11024
11025
11027
11027
11028
11032
11032
11032
11036
11037
11038
11038
11039
11040
11040
11047
11047
11047
11048
11048
11050
11050
11050
11051
11054
11054
11055
11056
11056
11056
11057
11057
11057
11062
11064
11065
11066
11067
11069
11070
11072
11073
11074
11075
11076
11078
11078
11079
11079
11080
11082
11082
11083
11084
11085
11086
11087
11087
11090
11093
11094
11096
11096
11099
11099
11099
11100
11102
11104
11107
11107
11109
11109
11111
11111
11113
11115
11116
11118
11118
11119
11119
11120
11121
11125
11125
11125
11126
11127
11127
11131
11131
11132
11133
11133
11134
11136
11141
11142
11143
11144
11144
11146
11146
11146
11147
11148
11148
11149
11150
11150
11150
11154
11155
11160
11160
11161
11163
11163
11163
11164
11166
11166
11167
11168
11169
11169
11170
11171
11173
11175
11177
11178
11179
11181
11181
11183
11184
11184
11185
11186
11186
11186
11187
11188
11188
11188
11189
11190
11191
11192
11192
11192
11194
11195
11195
11196
11197
11200
11200
11200
11201
11202
11203
11205
11206
11206
11208
11208
11209
11210
11211
11211
11212
11212
11214
11214
11216
11217
11220
11224
11225
11225
11226
11226
11227
11228
11229
11230
11230
11230
11232
11233
11236
11236
11237
11237
11238
11242
11243
11244
11245
11245
11247
11248
11249
11249
11249
11251
11251
11252
11252
11253
11255
11256
11257
11258
11258
11260
11262
11263
11264
11265
11267
11271
11272
11272
11273
11275
11277
11279
11280
11280
11281
11282
11284
11286
11286
11289
11290
11290
11291
11291
11294
11294
11295
11297
11298
11298
11299
11299
11300
11301
11301
11302
11306
11307
11307
11308
11308
11309
11309
11309
11310
11311
11311
11311
11312
11313
11316
11316
11316
11318
11319
11319
11319
11320
11322
11323
11323
11324
11325
11326
11326
11327
11330
11332
11332
11332
11332
11332
11333
11334
11334
11334
11334
11336
11336
11337
11337
11337
11338
11339
11340
11341
11343
11343
11344
11344
11345
11346
11348
11349
11349
11352
11353
11354
11354
11354
11355
11355
11356
11358
11359
11359
11360
11360
11361
11361
11361
11361
11363
11364
11365
11366
11366
11366
11367
11367
11368
11370
11371
11371
11372
11372
11372
11374
11374
11374
11374
11374
11376
11377
11379
11379
11383
11383
11384
11385
11385
11386
11388
11388
11390
11390
11391
11391
11393
11394
11394
11395
11395
11395
11399
11399
11402
11403
11403
11405
11406
11409
11409
11410
11410
11410
11411
11413
11413
11413
11414
11414
11416
11416
11418
11418
11418
11418
11419
11420
11421
11422
11422
11422
11423
11424
11424
11425
11427
11428
11428
11429
11432
11434
11434
11435
11435
11435
11440
11441
11442
11442
11445
11446
11447
11449
11450
11450
11451
11455
11455
11455
11456
11456
11457
11458
11460
11461
11463
11463
11465
11466
11467
11467
11467
11468
11471
11471
11473
11473
11473
11474
11475
11477
11478
11480
11482
11482
11482
11486
11487
11488
11492
11492
11494
11495
11496
11499
11500
11502
11502
11504
11504
11505
11505
11506
11507
11507
11508
11508
11512
11512
11512
11514
11515
11515
11516
11517
11518
11518
11518
11521
11521
11521
11521
11522
11522
11522
11523
11524
11524
11524
11525
11525
11525
11526
11530
11533
11533
11533
11535
11540
11543
11544
11545
11547
11548
11549
11549
11549
11550
11553
11556
11557
11557
11558
11560
11560
11560
11562
11562
11564
11565
11565
11567
11569
11572
11572
11572
11574
11574
11574
11575
11575
11576
11576
11576
11578
11581
11582
11583
11583
11583
11583
11593
11594
11594
11595
11596
11596
11596
11599
11599
11600
11600
11601
11602
11603
11603
11603
11604
11606
11609
11609
11610
11611
11611
11619
11619
11622
11622
11623
11623
11624
11624
11627
11628
11630
11631
11631
11632
11633
11634
11635
11637
11637
11638
11640
11640
11642
11643
11643
11644
11645
11649
11650
11650
11651
11653
11655
11656
11657
11658
11658
11660
11662
11664
11665
11665
11666
11667
11668
11670
11670
11670
11671
11671
11671
11674
11677
11677
11679
11679
11685
11685
11687
11687
11687
11688
11690
11690
11690
11691
11691
11692
11693
11693
11693
11694
11695
11696
11698
11700
11700
11700
11702
11702
11702
11702
11702
11703
11704
11705
11705
11710
11711
11711
11713
11715
11717
11718
11721
11721
11721
11721
11721
11721
11721
11722
11724
11725
11726
11726
11726
11727
11728
11730
11730
11732
11733
11736
11737
11739
11740
11740
11740
11741
11741
11742
11742
11744
11745
11745
11746
11748
11748
11748
11750
11751
11751
11753
11753
11754
11755
11756
11758
11759
11759
11759
11761
11762
11762
11762
11763
11763
11763
11765
11765
11765
11766
11767
11767
11768
11768
11768
11772
11773
11776
11776
11778
11779
11780
11781
11781
11783
11783
11784
11785
11786
11787
11788
11788
11789
11789
11790
11793
11793
11794
11794
11795
11796
11796
11797
11798
11798
11801
11801
11802
11806
11806
11806
11807
11809
11809
11809
11810
11811
11811
11816
11818
11820
11822
11823
11825
11826
11826
11829
11830
11831
11832
11832
11833
11834
11835
11837
11837
11838
11839
11840
11840
11840
11841
11841
11841
11842
11845
11845
11847
11847
11847
11848
11848
11850
11850
11851
11853
11853
11853
11854
11854
11857
11857
11859
11860
11861
11863
11864
11864
11865
11867
11867
11868
11871
11872
11872
11874
11874
11875
11876
11877
11878
11880
11880
11882
11882
11882
11883
11883
11883
11884
11884
11884
11886
11886
11886
11886
11887
11887
11889
11889
11890
11890
11891
11891
11892
11892
11894
11894
11894
11895
11898
11899
11901
11903
11903
11905
11908
11908
11908
11909
11911
11911
11912
11912
11918
11919
11919
11921
11921
11923
11924
11925
11926
11926
11929
11932
11933
11933
11934
11938
11939
11940
11940
11940
11940
11941
11942
11944
11945
11946
11946
11946
11947
11947
11947
11948
11950
11951
11951
11952
11957
11958
11958
11959
11960
11961
11962
11962
11965
11967
11968
11968
11969
11969
11970
11970
11971
11974
11980
11983
11983
11984
11986
11986
11986
11988
11988
11990
11990
11991
11992
11993
11993
11993
11993
11994
11994
11998
11998
11999
11999
12000
12000
12001
12003
12005
12005
12006
12006
12007
12010
12011
12012
12014
12014
12014
12015
12015
12017
12017
12017
12017
12018
12020
12021
12022
12022
12022
12025
12026
12026
12029
12029
12030
12030
12031
12032
12033
12033
12035
12036
12037
12037
12038
12040
12041
12043
12044
12045
12046
12046
12047
12047
12048
12048
12051
12051
12052
12052
12052
12054
12056
12061
12063
12063
12063
12064
12064
12065
12067
12068
12069
12069
12071
12072
12073
12074
12075
12077
12079
12080
12081
12082
12083
12085
12088
12089
12090
12090
12090
12091
12092
12092
12096
12098
12099
12102
12103
12105
12105
12108
12109
12111
12121
12121
12121
12121
12122
12122
12125
12125
12126
12126
12126
12127
12129
12129
12130
12130
12130
12132
12133
12134
12135
12137
12138
12142
12143
12145
12146
12146
12146
12150
12150
12151
12151
12156
12157
12157
12157
12158
12158
12160
12162
12162
12166
12166
12167
12170
12171
12171
12172
12173
12173
12174
12174
12176
12177
12178
12178
12179
12179
12181
12181
12181
12183
12184
12186
12186
12187
12187
12187
12188
12189
12190
12191
12191
12193
12195
12196
12202
12204
12205
12206
12206
12210
12211
12219
12219
12219
12220
12222
12222
12222
12223
12223
12223
12223
12224
12224
12224
12224
12226
12227
12228
12229
12229
12230
12231
12231
12231
12232
12233
12233
12233
12234
12235
12236
12236
12236
12236
12237
12237
12239
12239
12245
12246
12246
12246
12248
12248
12248
12249
12249
12251
12251
12252
12252
12253
12253
12254
12255
12256
12259
12259
12260
12261
12261
12263
12265
12265
12265
12266
12266
12267
12267
12270
12271
12272
12272
12273
12274
12274
12274
12276
12278
12280
12280
12283
12283
12285
12286
12287
12287
12289
12290
12292
12293
12294
12296
12297
12298
12298
12299
12299
12300
12302
12302
12307
12308
12309
12309
12309
12310
12311
12313
12313
12314
12316
12316
12317
12318
12319
12319
12321
12321
12321
12322
12324
12324
12325
12326
12326
12327
12328
12328
12331
12333
12334
12338
12340
12344
12346
12346
12346
12348
12349
12350
12351
12351
12353
12353
12353
12353
12355
12355
12356
12356
12359
12360
12362
12363
12363
12364
12364
12364
12366
12366
12367
12367
12368
12369
12370
12372
12372
12372
12374
12374
12375
12376
12377
12377
12378
12378
12378
12381
12383
12384
12385
12385
12386
12388
12389
12390
12393
12394
12394
12395
12395
12396
12397
12397
12397
12398
12399
12400
12401
12401
12402
12405
12405
12408
12408
12409
12409
12413
12414
12415
12418
12418
12418
12424
12425
12427
12429
12430
12432
12432
12435
12435
12436
12437
12438
12439
12441
12441
12442
12443
12443
12445
12446
12447
12448
12450
12450
12451
12452
12454
12454
12455
12455
12455
12456
12456
12457
12457
12458
12460
12461
12463
12464
12464
12465
12467
12467
12469
12471
12471
12471
12471
12472
12474
12475
12476
12478
12478
12478
12482
12484
12486
12487
12488
12489
12489
12491
12493
12494
12494
12499
12499
12500
12502
12504
12504
12505
12507
12509
12509
12510
12512
12512
12512
12516
12516
12516
12519
12520
12520
12524
12525
12525
12525
12529
12530
12532
12534
12536
12538
12538
12539
12539
12539
12541
12542
12543
12543
12546
12548
12548
12548
12549
12550
12553
12554
12554
12554
12555
12556
12556
12556
12558
12558
12559
12560
12561
12561
12563
12563
12564
12565
12566
12566
12567
12568
12569
12569
12570
12571
12572
12572
12572
12577
12579
12579
12580
12580
12582
12582
12582
12583
12583
12584
12586
12587
12587
12588
12588
12589
12592
12598
12598
12599
12600
12601
12602
12602
12605
12605
12606
12606
12606
12609
12609
12610
12610
12612
12614
12615
12615
12615
12615
12616
12616
12616
12617
12619
12620
12621
12622
12622
12623
12623
12623
12624
12625
12625
12627
12627
12628
12629
12630
12631
12631
12631
12632
12634
12634
12635
12636
12637
12637
12638
12639
12642
12646
12648
12649
12651
12652
12652
12652
12653
12653
12654
12654
12655
12656
12656
12656
12662
12662
12662
12663
12665
12666
12666
12667
12668
12668
12668
12669
12669
12672
12673
12674
12674
12675
12675
12675
12675
12676
12679
12679
12680
12682
12682
12684
12684
12686
12687
12687
12688
12690
12690
12691
12694
12694
12694
12695
12695
12695
12695
12696
12698
12698
12699
12699
12701
12702
12702
12703
12703
12703
12703
12705
12706
12707
12707
12708
12708
12708
12710
12710
12711
12713
12713
12713
12714
12714
12715
12716
12717
12718
12719
12719
12720
12721
12722
12723
12723
12724
12724
12724
12725
12726
12726
12727
12728
12729
12730
12730
12731
12732
12734
12736
12737
12737
12739
12741
12742
12742
12742
12743
12743
12743
12745
12746
12746
12746
12746
12747
12748
12749
12749
12749
12750
12752
12752
12752
12753
12753
12758
12761
12761
12763
12764
12766
12767
12768
12768
12770
12771
12772
12776
12776
12776
12777
12779
12780
12782
12783
12784
12784
12785
12787
12788
12789
12793
12793
12793
12793
12794
12795
12796
12796
12799
12799
12800
12801
12802
12805
12806
12807
12808
12808
12808
12809
12809
12810
12812
12815
12815
12819
12820
12824
12827
12828
12829
12829
12830
12830
12830
12832
12835
12836
12837
12838
12838
12838
12839
12841
12841
12841
12843
12845
12846
12848
12848
12849
12850
12850
12851
12854
12855
12856
12857
12857
12857
12857
12858
12858
12858
12859
12859
12859
12860
12860
12861
12861
12862
12862
12863
12863
12864
12864
12865
12866
12867
12868
12869
12871
12871
12872
12873
12873
12874
12874
12875
12880
12880
12881
12881
12882
12882
12883
12884
12884
12885
12885
12886
12888
12888
12889
12889
12890
12891
12891
12892
12892
12892
12893
12894
12894
12894
12895
12897
12899
12900
12901
12902
12904
12906
12907
12907
12908
12908
12909
12910
12910
12911
12914
12914
12916
12916
12917
12917
12918
12918
12918
12919
12922
12922
12923
12924
12925
12926
12928
12929
12930
12930
12932
12932
12933
12933
12934
12934
12934
12937
12939
12941
12942
12943
12944
12946
12946
12947
12948
12951
12952
12953
12953
12954
12957
12961
12961
12962
12963
12963
12965
12966
12966
12968
12968
12969
12971
12974
12975
12976
12981
12982
12983
12983
12984
12984
12984
12987
12989
12990
12991
12993
12993
12994
12995
12996
13000
13003
13004
13004
13005
13006
13008
13009
13011
13011
13012
13014
13016
13016
13018
13018
13019
13020
13021
13022
13023
13023
13024
13025
13025
13025
13026
13026
13027
13030
13031
13032
13033
13034
13035
13035
13038
13038
13040
13040
13041
13041
13041
13041
13042
13042
13042
13043
13044
13045
13049
13050
13050
13050
13052
13052
13052
13052
13054
13054
13054
13055
13057
13057
13058
13058
13059
13061
13061
13062
13063
13063
13064
13066
13068
13069
13069
13070
13072
13074
13074
13075
13075
13076
13076
13077
13077
13080
13082
13082
13084
13085
13086
13086
13088
13088
13092
13092
13096
13097
13097
13098
13099
13100
13101
13103
13103
13105
13105
13106
13107
13108
13109
13109
13109
13110
13111
13112
13112
13114
13116
13117
13118
13118
13120
13120
13121
13122
13123
13124
13125
13125
13126
13127
13129
13131
13132
13133
13133
13133
13134
13134
13134
13137
13137
13139
13140
13141
13141
13141
13142
13143
13143
13143
13144
13144
13145
13145
13145
13147
13148
13149
13150
13150
13152
13152
13152
13154
13154
13154
13155
13157
13158
13160
13161
13163
13163
13164
13164
13165
13166
13166
13166
13166
13166
13166
13169
13169
13169
13170
13171
13174
13174
13174
13175
13176
13176
13176
13177
13179
13179
13180
13180
13181
13185
13186
13186
13187
13188
13188
13189
13190
13193
13193
13194
13194
13196
13196
13196
13196
13197
13198
13198
13199
13202
13203
13203
13206
13206
13208
13209
13210
13210
13211
13211
13211
13211
13212
13213
13213
13213
13213
13214
13214
13217
13217
13219
13219
13220
13220
13220
13222
13223
13223
13223
13224
13225
13226
13228
13229
13230
13230
13231
13231
13232
13232
13232
13234
13234
13235
13235
13235
13236
13236
13236
13237
13237
13237
13238
13238
13240
13240
13240
13243
13244
13245
13246
13247
13248
13250
13250
13251
13252
13252
13253
13255
13256
13257
13258
13258
13260
13262
13262
13263
13263
13263
13264
13265
13269
13269
13271
13273
13276
13276
13276
13277
13277
13279
13279
13282
13282
13283
13284
13285
13285
13286
13288
13288
13289
13290
13290
13292
13293
13293
13294
13299
13300
13300
13300
13301
13301
13302
13303
13304
13306
13308
13308
13309
13310
13310
13311
13311
13313
13313
13314
13315
13316
13318
13319
13320
13321
13321
13322
13322
13322
13323
13326
13326
13327
13328
13329
13330
13331
13331
13331
13333
13334
13336
13336
13338
13340
13341
13341
13341
13341
13342
13342
13343
13343
13344
13344
13344
13346
13347
13348
13349
13350
13350
13350
13351
13351
13352
13352
13352
13354
13355
13355
13355
13358
13358
13360
13361
13362
13363
13363
13366
13366
13366
13367
13367
13370
13370
13372
13372
13373
13374
13374
13375
13376
13376
13376
13377
13377
13380
13382
13382
13384
13387
13389
13390
13390
13393
13395
13395
13397
13397
13398
13399
13399
13400
13400
13405
13406
13407
13408
13409
13410
13411
13411
13411
13412
13414
13417
13417
13417
13418
13418
13419
13419
13419
13421
13421
13422
13423
13423
13424
13428
13430
13432
13433
13433
13433
13434
13434
13434
13436
13437
13438
13438
13438
13438
13439
13439
13439
13443
13444
13447
13447
13447
13449
13449
13450
13450
13450
13451
13451
13453
13456
13458
13458
13462
13463
13465
13465
13466
13467
13470
13470
13473
13473
13473
13474
13474
13474
13475
13476
13477
13478
13479
13479
13479
13479
13480
13482
13484
13484
13485
13486
13486
13487
13487
13487
13488
13490
13490
13491
13491
13496
13497
13503
13503
13503
13503
13507
13509
13509
13510
13512
13512
13515
13516
13516
13516
13517
13520
13521
13521
13521
13522
13523
13523
13525
13527
13528
13528
13530
13530
13530
13533
13534
13536
13537
13538
13539
13539
13541
13542
13542
13542
13544
13546
13546
13549
13549
13550
13550
13550
13550
13551
13551
13551
13551
13552
13552
13553
13553
13554
13556
13557
13558
13559
13559
13560
13560
13561
13563
13566
13567
13567
13567
13568
13569
13571
13572
13573
13573
13573
13574
13574
13574
13575
13577
13577
13577
13582
13582
13583
13585
13586
13587
13589
13589
13589
13591
13594
13594
13597
13598
13598
13599
13600
13602
13603
13605
13606
13608
13609
13609
13609
13610
13612
13612
13613
13613
13615
13615
13618
13618
13618
13619
13621
13623
13623
13623
13625
13625
13629
13630
13630
13631
13631
13632
13635
13636
13637
13639
13640
13641
13643
13644
13644
13644
13647
13648
13649
13651
13651
13652
13654
13654
13655
13655
13655
13656
13656
13656
13657
13659
13661
13664
13665
13665
13666
13667
13668
13668
13671
13673
13673
13674
13676
13676
13677
13678
13678
13681
13684
13684
13686
13687
13687
13688
13690
13690
13691
13693
13693
13698
13698
13700
13702
13702
13703
13704
13707
13707
13709
13710
13711
13713
13714
13714
13716
13718
13719
13720
13721
13724
13724
13724
13728
13728
13728
13729
13732
13732
13732
13735
13736
13737
13737
13737
13738
13740
13745
13747
13747
13747
13748
13749
13749
13750
13750
13756
13756
13757
13758
13759
13759
13763
13764
13765
13765
13765
13766
13766
13766
13766
13767
13767
13768
13768
13768
13769
13771
13772
13773
13774
13775
13775
13777
13778
13781
13782
13782
13784
13784
13784
13791
13792
13792
13793
13793
13793
13794
13799
13799
13800
13800
13803
13804
13805
13806
13806
13808
13809
13810
13811
13812
13814
13815
13816
13821
13822
13823
13824
13825
13825
13826
13827
13829
13830
13830
13830
13830
13834
13834
13834
13835
13835
13836
13836
13838
13838
13838
13839
13844
13847
13849
13849
13850
13854
13855
13856
13857
13858
13860
13860
13860
13860
13862
13863
13866
13866
13867
13867
13868
13868
13870
13871
13873
13873
13874
13875
13876
13876
13876
13878
13879
13879
13881
13882
13883
13884
13884
13887
13887
13887
13888
13889
13889
13890
13890
13892
13892
13892
13893
13893
13893
13894
13896
13897
13898
13899
13900
13902
13902
13903
13904
13906
13906
13907
13908
13908
13909
13911
13912
13913
13914
13914
13917
13917
13918
13921
13921
13923
13923
13926
13928
13930
13932
13932
13933
13934
13934
13934
13934
13936
13939
13939
13939
13941
13943
13944
13944
13946
13946
13946
13946
13947
13947
13948
13948
13948
13949
13949
13949
13949
13952
13953
13956
13960
13960
13961
13961
13962
13962
13966
13967
13968
13973
13973
13973
13973
13973
13973
13973
13974
13977
13977
13978
13982
13984
13984
13986
13986
13988
13989
13991
13991
13992
13992
13992
13993
13993
13994
13995
13995
14000
14001
14002
14004
14004
14006
14007
14007
14008
14010
14010
14010
14011
14013
14013
14014
14015
14016
14018
14018
14019
14022
14022
14022
14024
14025
14025
14025
14026
14027
14027
14028
14030
14030
14030
14030
14031
14032
14033
14037
14037
14037
14038
14038
14038
14039
14040
14041
14041
14042
14042
14043
14043
14043
14044
14044
14044
14045
14047
14047
14048
14049
14051
14051
14051
14052
14052
14054
14056
14056
14056
14056
14057
14058
14058
14060
14062
14063
14064
14064
14065
14065
14067
14069
14069
14070
14071
14072
14073
14073
14073
14075
14076
14077
14078
14079
14080
14080
14084
14084
14085
14090
14091
14092
14092
14092
14092
14096
14096
14097
14097
14098
14099
14099
14101
14102
14104
14104
14106
14107
14108
14111
14112
14113
14114
14115
14116
14117
14117
14118
14122
14123
14123
14128
14130
14132
14132
14133
14135
14137
14143
14143
14144
14144
14144
14148
14151
14151
14152
14154
14155
14155
14157
14158
14159
14159
14160
14160
14163
14167
14168
14168
14169
14170
14170
14171
14171
14172
14174
14175
14175
14176
14177
14177
14177
14177
14178
14178
14179
14179
14180
14184
14184
14186
14187
14188
14191
14193
14194
14195
14198
14199
14199
14200
14200
14200
14204
14205
14206
14207
14207
14209
14209
14209
14209
14212
14212
14213
14213
14214
14214
14215
14215
14216
14217
14217
14218
14218
14221
14222
14223
14224
14228
14228
14229
14229
14230
14230
14230
14232
14234
14234
14235
14235
14236
14241
14242
14244
14245
14246
14247
14248
14249
14250
14250
14250
14250
14252
14252
14254
14256
14256
14258
14258
14261
14262
14262
14263
14267
14267
14269
14271
14273
14273
14274
14274
14277
14277
14278
14279
14279
14280
14283
14285
14285
14286
14286
14286
14287
14288
14288
14288
14290
14290
14291
14291
14294
14295
14295
14296
14297
14298
14299
14300
14300
14300
14301
14301
14304
14307
14307
14308
14308
14309
14311
14311
14312
14313
14314
14316
14317
14318
14319
14319
14320
14320
14322
14322
14325
14327
14329
14331
14332
14333
14333
14334
14336
14337
14337
14339
14339
14340
14340
14342
14343
14344
14344
14344
14346
14347
14347
14348
14348
14350
14350
14352
14353
14354
14355
14355
14357
14357
14357
14359
14359
14361
14362
14362
14362
14363
14364
14364
14367
14368
14368
14368
14371
14372
14372
14375
14375
14378
14378
14379
14379
14381
14383
14384
14384
14385
14386
14387
14387
14388
14389
14390
14391
14393
14394
14395
14396
14396
14398
14398
14399
14399
14401
14406
14407
14407
14407
14408
14410
14410
14411
14412
14412
14412
14413
14413
14414
14414
14416
14418
14419
14419
14420
14421
14422
14425
14425
14426
14426
14427
14429
14430
14430
14431
14431
14434
14437
14437
14439
14440
14441
14441
14442
14442
14445
14446
14446
14447
14448
14449
14450
14450
14452
14452
14452
14453
14456
14457
14458
14460
14460
14462
14463
14463
14463
14463
14464
14464
14465
14465
14467
14467
14468
14470
14471
14471
14473
14474
14475
14476
14476
14477
14479
14480
14482
14482
14483
14483
14486
14486
14487
14487
14489
14490
14491
14492
14492
14494
14496
14497
14497
14498
14499
14499
14500
14501
14502
14502
14504
14505
14507
14508
14509
14509
14510
14516
14516
14517
14520
14521
14522
14523
14524
14525
14526
14530
14531
14533
14534
14539
14540
14541
14542
14547
14547
14547
14547
14549
14550
14550
14550
14552
14553
14554
14554
14554
14555
14558
14559
14559
14560
14560
14561
14562
14563
14563
14564
14564
14564
14566
14566
14566
14569
14569
14569
14570
14570
14571
14571
14573
14574
14574
14576
14576
14579
14580
14581
14588
14588
14591
14592
14592
14596
14596
14601
14602
14605
14605
14606
14606
14606
14607
14609
14612
14614
14615
14616
14616
14618
14619
14619
14620
14622
14623
14626
14626
14627
14627
14628
14628
14628
14629
14630
14631
14632
14633
14635
14635
14637
14642
14642
14642
14642
14645
14647
14649
14649
14649
14650
14650
14651
14651
14651
14652
14653
14653
14655
14656
14656
14657
14658
14658
14659
14659
14661
14662
14662
14663
14663
14664
14665
14666
14666
14667
14668
14672
14672
14673
14673
14674
14675
14676
14676
14678
14679
14680
14680
14680
14682
14682
14683
14686
14686
14687
14688
14689
14690
14691
14691
14692
14693
14693
14694
14696
14696
14696
14697
14697
14697
14699
14699
14701
14701
14701
14702
14702
14703
14703
14703
14704
14704
14708
14711
14711
14712
14713
14714
14717
14718
14718
14719
14719
14723
14724
14724
14728
14728
14729
14729
14730
14736
14741
14741
14742
14743
14743
14745
14745
14747
14747
14747
14748
14749
14750
14750
14751
14751
14751
14752
14752
14752
14752
14754
14755
14755
14756
14756
14756
14758
14759
14759
14760
14761
14763
14763
14767
14769
14769
14769
14771
14771
14778
14779
14782
14783
14783
14783
14783
14783
14785
14786
14790
14790
14791
14793
14794
14797
14797
14797
14797
14798
14799
14800
14801
14803
14804
14804
14808
14809
14810
14812
14813
14814
14818
14818
14819
14820
14821
14824
14824
14824
14824
14826
14828
14828
14829
14829
14831
14832
14833
14834
14834
14835
14836
14836
14837
14837
14838
14839
14841
14845
14847
14849
14850
14852
14852
14853
14854
14854
14856
14856
14857
14857
14858
14858
14858
14859
14859
14860
14861
14861
14862
14862
14862
14864
14865
14867
14867
14868
14868
14869
14869
14869
14869
14870
14870
14870
14870
14871
14872
14872
14873
14877
14877
14879
14881
14881
14883
14883
14886
14888
14888
14888
14892
14893
14894
14894
14898
14898
14898
14898
14899
14899
14899
14900
14900
14901
14903
14903
14904
14905
14905
14910
14910
14912
14913
14913
14914
14915
14917
14918
14918
14918
14918
14919
14919
14921
14922
14924
14925
14926
14928
14928
14928
14931
14931
14932
14933
14935
14938
14939
14940
14940
14941
14943
14946
14949
14949
14950
14951
14952
14953
14953
14953
14953
14956
14957
14958
14960
14961
14961
14962
14963
14964
14964
14966
14967
14968
14968
14969
14971
14972
14972
14972
14974
14977
14977
14979
14979
14980
14981
14981
14982
14984
14986
14988
14989
14992
14992
14993
14994
14994
14995
14998
14998
15000
15001
15002
15002
15002
15002
15003
15003
15005
15006
15007
15010
15011
15011
15012
15013
15013
15014
15015
15016
15017
15020
15022
15026
15027
15028
15029
15030
15031
15031
15033
15034
15034
15035
15037
15037
15037
15038
15038
15039
15042
15042
15044
15046
15046
15047
15048
15048
15048
15048
15050
15050
15053
15053
15054
15054
15054
15055
15056
15056
15056
15057
15059
15060
15061
15061
15064
15065
15066
15067
15067
15068
15069
15069
15070
15070
15071
15073
15073
15074
15075
15077
15077
15079
15079
15079
15079
15079
15081
15082
15083
15083
15085
15087
15087
15090
15090
15090
15091
15094
15096
15097
15098
15099
15099
15099
15100
15100
15101
15102
15103
15104
15105
15105
15105
15105
15107
15108
15108
15109
15111
15112
15113
15114
15118
15119
15119
15120
15120
15121
15122
15122
15126
15128
15131
15132
15133
15133
15133
15133
15134
15134
15134
15135
15135
15136
15138
15140
15142
15142
15143
15144
15144
15145
15145
15146
15146
15146
15147
15148
15148
15149
15152
15153
15153
15153
15154
15157
15157
15158
15158
15159
15159
15160
15161
15162
15163
15164
15164
15166
15167
15170
15171
15171
15174
15176
15177
15178
15178
15179
15180
15181
15182
15183
15184
15185
15185
15186
15188
15189
15189
15190
15193
15194
15195
15196
15198
15199
15201
15203
15204
15206
15209
15209
15211
15211
15211
15213
15213
15213
15213
15213
15214
15215
15216
15217
15221
15224
15224
15224
15226
15228
15229
15229
15230
15230
15231
15233
15234
15235
15236
15237
15238
15240
15240
15241
15244
15246
15248
15248
15251
15252
15252
15253
15253
15256
15256
15258
15259
15259
15261
15261
15262
15263
15263
15264
15264
15265
15266
15267
15267
15268
15270
15271
15271
15271
15272
15273
15274
15275
15275
15275
15275
15276
15276
15278
15281
15282
15283
15283
15283
15283
15285
15287
15288
15289
15295
15296
15296
15297
15298
15298
15299
15299
15299
15300
15301
15302
15302
15303
15303
15305
15305
15306
15307
15307
15308
15308
15310
15310
15312
15313
15315
15316
15316
15317
15318
15319
15320
15320
15326
15327
15327
15328
15330
15330
15331
15333
15333
15333
15334
15337
15338
15338
15338
15341
15343
15343
15344
15344
15345
15346
15346
15346
15347
15348
15348
15349
15349
15349
15350
15350
15352
15353
15354
15354
15358
15359
15360
15362
15364
15365
15365
15366
15367
15367
15369
15369
15369
15370
15370
15373
15374
15375
15376
15377
15378
15378
15378
15381
15381
15381
15381
15381
15382
15383
15383
15384
15384
15385
15387
15387
15388
15391
15393
15394
15395
15395
15395
15396
15398
15398
15399
15399
15401
15403
15403
15403
15405
15406
15407
15410
15410
15410
15411
15411
15412
15413
15413
15415
15415
15417
15418
15419
15419
15422
15423
15424
15425
15426
15428
15429
15430
15430
15430
15431
15431
15432
15434
15434
15435
15435
15435
15436
15438
15440
15440
15440
15442
15442
15443
15443
15443
15444
15444
15445
15446
15450
15450
15453
15454
15455
15455
15457
15457
15457
15458
15458
15458
15458
15460
15460
15463
15464
15465
15467
15467
15468
15468
15468
15468
15469
15470
15471
15471
15472
15472
15472
15473
15473
15476
15481
15481
15481
15482
15484
15485
15485
15487
15487
15487
15488
15488
15489
15489
15491
15491
15491
15492
15492
15492
15496
15497
15500
15500
15500
15502
15503
15503
15505
15505
15506
15508
15508
15510
15511
15511
15511
15512
15513
15513
15513
15515
15516
15516
15517
15519
15522
15522
15523
15523
15524
15525
15525
15525
15526
15527
15527
15529
15529
15530
15532
15533
15533
15534
15535
15536
15539
15540
15541
15542
15542
15543
15543
15543
15543
15543
15544
15544
15548
15548
15550
15550
15553
15554
15554
15555
15556
15556
15557
15557
15559
15560
15561
15562
15565
15565
15566
15566
15566
15568
15568
15569
15570
15570
15571
15572
15573
15576
15576
15578
15579
15579
15581
15582
15584
15585
15585
15586
15588
15588
15588
15589
15591
15592
15593
15593
15593
15594
15595
15595
15596
15597
15599
15600
15601
15601
15603
15604
15605
15605
15606
15607
15610
15611
15612
15612
15614
15614
15614
15617
15617
15618
15618
15623
15626
15626
15628
15630
15630
15631
15633
15633
15634
15634
15634
15636
15637
15638
15640
15641
15642
15644
15645
15646
15647
15647
15648
15649
15649
15651
15652
15653
15654
15656
15656
15656
15657
15658
15660
15660
15660
15662
15663
15663
15664
15665
15666
15667
15668
15668
15669
15669
15671
15673
15673
15674
15674
15675
15675
15675
15676
15676
15677
15677
15678
15679
15679
15680
15684
15685
15686
15686
15687
15687
15688
15688
15688
15689
15689
15689
15689
15690
15691
15691
15692
15693
15693
15694
15695
15697
15697
15698
15700
15700
15702
15703
15703
15704
15704
15705
15705
15706
15707
15707
15708
15708
15709
15709
15709
15710
15711
15711
15712
15712
15714
15717
15718
15718
15720
15720
15720
15721
15723
15725
15725
15725
15727
15729
15731
15732
15732
15733
15735
15735
15738
15740
15741
15742
15743
15743
15744
15744
15745
15745
15746
15747
15748
15751
15751
15752
15752
15753
15753
15753
15754
15757
15758
15758
15758
15758
15760
15763
15763
15766
15768
15770
15774
15774
15775
15778
15781
15781
15782
15782
15783
15783
15784
15784
15785
15785
15788
15788
15788
15790
15790
15791
15792
15793
15793
15794
15796
15796
15797
15798
15798
15799
15800
15801
15801
15802
15803
15803
15803
15804
15804
15807
15808
15808
15809
15811
15812
15812
15813
15813
15814
15814
15814
15816
15816
15816
15816
15818
15818
15820
15820
15820
15821
15824
15826
15826
15827
15828
15829
15829
15830
15833
15834
15835
15835
15835
15839
15839
15840
15840
15840
15841
15843
15845
15846
15846
15847
15849
15849
15850
15850
15851
15851
15852
15853
15855
15857
15859
15859
15860
15860
15863
15863
15865
15865
15867
15867
15871
15871
15872
15874
15874
15875
15876
15877
15877
15878
15880
15881
15882
15884
15884
15885
15887
15888
15888
15889
15890
15894
15895
15895
15895
15895
15896
15896
15897
15897
15899
15900
15902
15902
15903
15906
15907
15910
15910
15911
15911
15912
15913
15914
15915
15915
15915
15916
15918
15919
15919
15924
15925
15927
15927
15927
15928
15930
15930
15931
15933
15934
15934
15934
15935
15935
15939
15941
15941
15944
15946
15949
15950
15950
15951
15951
15952
15952
15953
15956
15956
15958
15958
15961
15961
15961
15964
15964
15965
15971
15971
15974
15975
15976
15976
15976
15976
15977
15978
15981
15985
15986
15987
15987
15988
15988
15988
15991
15994
15995
15995
15995
15996
15998
15998
15999
