0
0
1
1
1
2
2
3
4
4
4
7
7
8
8
14
14
14
14
15
16
16
17
18
20
21
21
22
22
22
22
23
24
25
25
25
26
26
28
31
31
32
33
33
33
34
35
37
38
38
38
39
39
39
41
42
43
45
45
45
46
47
49
49
50
50
51
54
54
54
56
60
60
61
63
63
67
67
67
67
68
68
68
69
70
73
74
75
77
77
81
82
83
86
87
88
90
90
93
93
97
97
99
103
103
103
104
104
105
108
109
110
112
114
114
114
116
117
117
119
122
122
123
123
123
124
124
125
125
126
126
127
129
132
132
133
134
137
141
141
142
143
144
145
146
146
147
148
150
152
154
156
156
158
159
160
163
164
165
166
166
167
168
169
170
170
173
174
174
174
174
175
175
176
178
179
180
180
180
180
181
181
182
184
184
187
187
188
191
191
191
192
192
196
197
198
199
203
203
205
205
205
207
209
211
212
212
213
214
216
217
217
219
219
219
220
221
221
222
223
224
224
224
225
225
228
229
229
229
230
230
230
230
230
231
233
235
238
239
240
241
241
242
242
243
243
244
244
244
246
247
249
249
249
250
250
250
251
251
251
252
253
255
256
256
256
257
260
262
263
265
265
266
266
266
269
269
270
271
272
272
272
272
273
273
274
274
275
277
277
277
281
283
284
285
285
286
287
287
287
288
289
290
292
297
298
298
299
299
300
302
303
303
303
306
309
310
313
315
315
317
319
327
328
329
329
330
332
333
334
334
336
337
337
339
340
341
342
342
343
344
344
346
347
347
348
348
348
351
351
351
351
351
352
352
353
354
354
355
357
358
359
359
360
361
361
361
361
362
362
363
363
365
365
367
367
368
368
370
373
376
377
377
377
378
378
378
381
382
382
383
384
386
387
388
389
392
394
396
397
400
400
401
402
405
406
406
406
408
408
408
410
410
411
411
414
417
419
419
419
419
420
420
421
423
423
423
427
428
429
429
429
431
432
432
433
434
434
438
439
439
440
441
443
445
446
447
449
449
450
452
453
458
459
460
460
460
460
461
465
468
472
472
472
474
475
475
476
476
478
481
483
483
486
486
486
488
489
489
490
491
493
494
494
497
498
503
503
503
505
507
508
509
509
510
511
513
515
517
518
518
520
520
521
522
523
525
526
528
529
530
531
531
532
532
533
534
535
536
536
536
536
537
537
539
541
542
545
545
548
548
549
551
551
551
551
553
554
555
559
560
560
561
561
563
563
565
565
566
568
569
571
572
573
575
575
575
577
579
580
580
581
583
585
585
586
587
592
593
593
596
597
597
598
598
599
601
601
602
606
606
607
610
611
615
615
615
616
616
618
618
619
619
620
620
621
622
623
624
624
625
626
628
628
628
629
631
631
635
635
635
636
637
637
637
640
643
643
644
645
647
648
648
648
648
649
649
649
650
651
651
652
653
654
655
655
656
656
656
658
659
659
659
661
661
662
663
664
666
666
669
670
670
670
678
679
679
680
681
682
684
686
686
687
687
689
690
690
692
692
693
693
694
696
698
699
699
699
700
703
703
704
708
709
711
712
713
714
714
715
716
719
724
727
727
727
730
730
731
731
731
731
731
732
733
735
737
738
741
745
746
747
747
748
749
749
750
752
752
753
754
754
754
754
757
761
765
767
773
776
778
778
778
779
779
780
782
782
783
783
784
785
786
786
787
789
790
792
793
794
796
796
798
799
802
802
803
803
806
811
811
812
813
813
814
814
815
815
817
821
821
821
822
822
824
825
825
825
827
828
830
830
831
831
835
836
837
839
839
840
840
842
844
846
847
847
848
848
849
849
851
851
852
855
856
856
856
859
860
860
862
862
863
865
866
867
868
871
872
873
873
875
875
876
876
876
878
878
879
883
883
885
886
886
887
887
888
889
889
889
891
891
892
893
895
897
901
901
902
902
904
905
905
908
908
909
909
910
911
911
911
912
912
913
913
914
916
916
916
917
918
919
919
919
920
921
921
922
924
925
927
927
928
928
929
930
931
931
931
931
931
933
935
935
940
941
941
942
943
944
945
945
946
946
947
947
947
947
948
948
949
952
953
955
956
958
958
958
959
959
959
959
960
960
961
961
963
964
966
966
966
967
967
968
968
968
970
970
971
972
973
974
974
975
977
977
978
981
981
982
984
986
987
988
990
991
992
993
994
998
998
998
999
999
1001
1002
1003
1003
1007
1008
1009
1010
1011
1011
1012
1012
1012
1015
1016
1016
1017
1019
1019
1021
1021
1022
1023
1024
1025
1025
1025
1026
1026
1027
1029
1030
1031
1031
1031
1032
1032
1032
1033
1033
1034
1035
1039
1041
1042
1043
1044
1044
1046
1050
1052
1052
1052
1053
1056
1057
1059
1059
1060
1060
1061
1061
1061
1062
1062
1062
1064
1065
1066
1066
1066
1066
1067
1067
1068
1068
1069
1069
1070
1071
1071
1073
1076
1076
1078
1078
1078
1083
1083
1084
1085
1086
1094
1094
1094
1095
1095
1095
1095
1097
1099
1103
1104
1105
1106
1107
1107
1110
1111
1111
1111
1112
1112
1113
1113
1114
1115
1115
1117
1117
1118
1118
1119
1120
1121
1122
1125
1125
1125
1128
1129
1130
1130
1132
1132
1132
1133
1133
1133
1134
1135
1135
1136
1137
1137
1137
1138
1141
1142
1142
1143
1147
1148
1150
1150
1152
1153
1154
1155
1155
1156
1158
1159
1159
1159
1160
1161
1161
1162
1164
1166
1169
1169
1169
1169
1171
1171
1172
1173
1174
1174
1175
1175
1176
1179
1180
1182
1183
1184
1186
1187
1187
1190
1191
1191
1191
1191
1191
1191
1193
1195
1196
1197
1200
1201
1202
1202
1203
1204
1204
1205
1208
1208
1208
1209
1209
1210
1211
1211
1213
1214
1214
1214
1214
1215
1217
1220
1221
1221
1222
1223
1223
1224
1224
1224
1226
1227
1227
1228
1228
1229
1230
1230
1230
1230
1231
1231
1232
1234
1234
1235
1236
1239
1240
1241
1241
1241
1242
1243
1243
1243
1244
1244
1244
1244
1246
1246
1247
1248
1252
1252
1252
1254
1254
1254
1254
1255
1256
1267
1269
1271
1273
1273
1274
1276
1277
1279
1282
1282
1283
1283
1284
1285
1285
1288
1288
1288
1289
1289
1289
1293
1294
1295
1295
1295
1296
1297
1298
1298
1300
1303
1303
1304
1304
1304
1308
1309
1310
1311
1311
1312
1312
1314
1314
1314
1314
1315
1317
1318
1321
1321
1322
1322
1323
1324
1325
1325
1325
1325
1327
1327
1328
1331
1332
1333
1333
1334
1334
1334
1336
1336
1338
1338
1341
1343
1344
1346
1346
1347
1349
1350
1351
1351
1351
1355
1355
1358
1358
1358
1358
1358
1358
1359
1359
1362
1362
1366
1366
1367
1367
1367
1369
1369
1369
1371
1371
1371
1372
1373
1373
1374
1374
1375
1377
1377
1377
1377
1379
1382
1383
1385
1385
1385
1385
1387
1387
1388
1388
1391
1393
1394
1395
1396
1396
1396
1399
1399
1401
1402
1403
1404
1405
1406
1406
1407
1413
1414
1414
1415
1416
1418
1419
1420
1420
1421
1421
1422
1423
1424
1425
1427
1427
1428
1428
1428
1430
1430
1432
1432
1432
1432
1435
1438
1440
1441
1442
1443
1445
1446
1446
1449
1450
1450
1452
1453
1453
1453
1454
1454
1457
1457
1458
1458
1459
1459
1460
1461
1462
1468
1469
1469
1470
1471
1471
1471
1473
1474
1475
1475
1475
1477
1477
1477
1477
1477
1478
1478
1479
1480
1483
1484
1487
1488
1490
1490
1492
1493
1494
1496
1498
1498
1499
1499
1500
1501
1501
1502
1502
1503
1503
1503
1504
1504
1506
1508
1508
1509
1509
1511
1513
1513
1515
1515
1516
1516
1518
1519
1520
1520
1520
1521
1525
1527
1529
1530
1530
1531
1533
1539
1543
1543
1545
1546
1549
1550
1551
1552
1553
1555
1557
1561
1564
1565
1565
1567
1568
1568
1569
1572
1574
1575
1575
1576
1577
1577
1579
1579
1581
1582
1584
1584
1585
1585
1587
1589
1590
1591
1591
1592
1593
1594
1594
1596
1596
1596
1598
1598
1599
1599
1599
1600
1600
1600
1601
1603
1603
1606
1608
1609
1610
1612
1612
1613
1613
1613
1614
1615
1618
1618
1618
1619
1620
1620
1621
1622
1623
1623
1624
1625
1625
1628
1629
1630
1630
1630
1634
1635
1635
1636
1636
1636
1637
1639
1639
1640
1641
1642
1642
1647
1648
1648
1650
1650
1651
1651
1652
1653
1654
1655
1657
1659
1659
1661
1662
1664
1665
1665
1665
1666
1666
1667
1667
1667
1668
1669
1670
1670
1671
1671
1672
1672
1672
1673
1674
1675
1679
1680
1683
1688
1689
1689
1690
1692
1693
1693
1693
1694
1694
1694
1695
1696
1697
1697
1699
1701
1702
1704
1705
1705
1706
1708
1708
1709
1709
1710
1711
1711
1711
1711
1712
1712
1718
1719
1719
1723
1723
1724
1725
1726
1726
1727
1731
1731
1732
1732
1736
1737
1737
1738
1739
1740
1741
1741
1741
1742
1743
1743
1744
1744
1744
1745
1746
1747
1748
1749
1749
1750
1750
1752
1753
1755
1756
1756
1757
1757
1758
1760
1762
1763
1763
1763
1764
1764
1764
1765
1766
1767
1767
1768
1769
1770
1773
1773
1774
1774
1777
1777
1777
1778
1779
1782
1784
1784
1784
1785
1788
1788
1789
1790
1791
1792
1793
1793
1794
1795
1796
1798
1799
1800
1800
1800
1801
1801
1802
1803
1804
1805
1806
1808
1808
1811
1811
1813
1815
1815
1816
1817
1823
1823
1825
1825
1827
1827
1828
1830
1830
1831
1832
1835
1835
1838
1839
1840
1840
1841
1842
1845
1847
1849
1850
1851
1852
1853
1854
1855
1856
1858
1861
1864
1865
1865
1866
1866
1867
1867
1868
1870
1871
1872
1873
1873
1873
1875
1879
1879
1881
1881
1881
1882
1884
1884
1885
1886
1888
1889
1889
1891
1892
1892
1893
1898
1899
1900
1901
1902
1903
1904
1905
1905
1906
1907
1907
1908
1908
1909
1911
1912
1913
1914
1915
1919
1919
1919
1920
1920
1921
1923
1924
1930
1930
1931
1931
1934
1934
1935
1936
1936
1937
1938
1939
1941
1942
1945
1945
1946
1947
1947
1948
1950
1950
1954
1958
1959
1959
1960
1961
1962
1963
1963
1963
1964
1966
1967
1970
1971
1971
1973
1974
1975
1975
1975
1976
1976
1976
1976
1976
1977
1977
1977
1977
1977
1978
1979
1979
1980
1981
1983
1984
1984
1986
1986
1987
1988
1988
1989
1992
1993
1997
1997
1998
1999
2000
2002
2004
2004
2006
2008
2009
2010
2010
2011
2011
2011
2011
2012
2013
2016
2018
2021
2023
2027
2027
2028
2031
2031
2031
2032
2033
2033
2035
2036
2037
2037
2038
2039
2040
2042
2043
2043
2044
2045
2046
2046
2047
2047
2048
2048
2048
2049
2049
2051
2052
2052
2053
2055
2055
2056
2056
2057
2058
2059
2059
2059
2061
2061
2061
2062
2063
2067
2069
2070
2071
2071
2073
2073
2075
2076
2076
2077
2078
2078
2078
2079
2079
2080
2081
2082
2085
2085
2085
2085
2086
2087
2088
2088
2089
2091
2091
2092
2094
2094
2095
2095
2096
2096
2099
2101
2101
2104
2104
2106
2106
2107
2107
2107
2108
2108
2111
2111
2112
2113
2114
2114
2115
2116
2116
2117
2118
2118
2118
2118
2119
2119
2119
2121
2123
2124
2124
2125
2126
2127
2129
2129
2129
2132
2133
2133
2134
2135
2135
2135
2136
2136
2139
2139
2139
2141
2141
2141
2143
2143
2144
2146
2148
2148
2149
2150
2151
2151
2152
2152
2153
2154
2156
2157
2159
2159
2161
2161
2162
2162
2163
2163
2164
2165
2167
2168
2169
2170
2171
2171
2172
2174
2174
2174
2178
2179
2179
2180
2181
2181
2183
2183
2183
2185
2186
2187
2188
2190
2192
2192
2192
2192
2194
2194
2194
2195
2196
2196
2197
2197
2197
2198
2198
2199
2200
2202
2202
2202
2202
2202
2206
2208
2211
2212
2212
2213
2215
2216
2217
2218
2220
2222
2223
2225
2229
2231
2232
2232
2233
2234
2234
2235
2235
2235
2238
2240
2243
2243
2243
2244
2247
2248
2249
2249
2250
2252
2254
2254
2254
2254
2256
2256
2258
2259
2260
2261
2262
2262
2263
2264
2265
2266
2268
2269
2271
2273
2274
2274
2275
2275
2275
2276
2278
2281
2281
2282
2282
2285
2285
2286
2287
2288
2288
2289
2289
2291
2292
2292
2293
2294
2294
2294
2294
2294
2294
2294
2295
2297
2297
2298
2298
2298
2301
2303
2306
2306
2306
2308
2308
2308
2310
2312
2313
2315
2316
2316
2318
2318
2320
2321
2321
2322
2323
2323
2324
2324
2324
2326
2329
2329
2330
2330
2333
2333
2335
2335
2335
2336
2337
2337
2337
2340
2343
2344
2344
2344
2346
2346
2349
2349
2350
2350
2351
2352
2352
2352
2354
2354
2355
2356
2357
2358
2359
2359
2359
2359
2362
2363
2364
2365
2366
2366
2369
2370
2371
2372
2373
2375
2375
2376
2376
2376
2378
2380
2381
2382
2382
2382
2384
2385
2390
2390
2392
2392
2395
2395
2395
2398
2398
2399
2401
2402
2404
2405
2409
2409
2410
2411
2413
2413
2413
2414
2414
2414
2415
2416
2416
2417
2419
2420
2421
2422
2422
2424
2425
2425
2426
2429
2429
2429
2431
2434
2436
2438
2438
2438
2439
2440
2442
2443
2444
2445
2446
2446
2446
2447
2447
2449
2450
2451
2452
2452
2456
2456
2458
2458
2459
2463
2465
2466
2466
2468
2469
2470
2472
2475
2476
2476
2477
2477
2478
2479
2480
2480
2480
2482
2482
2484
2484
2487
2489
2490
2490
2491
2491
2492
2492
2495
2495
2496
2496
2496
2497
2499
2499
2501
2501
2502
2503
2503
2504
2504
2505
2506
2508
2510
2511
2513
2515
2515
2515
2516
2516
2517
2518
2519
2519
2520
2520
2520
2521
2522
2524
2524
2524
2524
2525
2526
2526
2528
2528
2528
2529
2534
2534
2537
2541
2541
2542
2544
2547
2549
2551
2551
2553
2555
2555
2556
2557
2558
2558
2560
2560
2561
2561
2561
2561
2563
2563
2563
2564
2565
2566
2566
2566
2568
2569
2570
2570
2571
2571
2571
2571
2572
2575
2575
2577
2577
2580
2581
2583
2583
2584
2586
2586
2587
2588
2588
2589
2590
2591
2593
2597
2598
2599
2600
2601
2601
2601
2603
2604
2604
2605
2606
2608
2609
2610
2611
2611
2613
2614
2615
2619
2619
2620
2621
2621
2621
2621
2622
2624
2624
2624
2624
2625
2627
2629
2631
2632
2633
2633
2635
2635
2639
2642
2643
2644
2645
2645
2647
2649
2649
2649
2653
2657
2657
2657
2658
2660
2660
2662
2665
2666
2667
2667
2668
2670
2671
2672
2672
2673
2673
2674
2674
2675
2676
2676
2678
2678
2679
2680
2680
2680
2681
2683
2684
2684
2686
2687
2688
2690
2690
2691
2692
2692
2694
2694
2694
2694
2694
2695
2695
2697
2697
2698
2699
2700
2702
2705
2706
2707
2708
2708
2708
2709
2712
2714
2715
2716
2716
2717
2717
2717
2717
2720
2721
2722
2725
2725
2726
2726
2727
2727
2727
2728
2729
2729
2729
2732
2733
2733
2734
2735
2736
2736
2736
2736
2737
2740
2741
2744
2744
2744
2746
2747
2748
2749
2749
2749
2749
2751
2752
2753
2753
2755
2757
2757
2757
2758
2758
2760
2760
2760
2764
2766
2766
2766
2767
2768
2769
2771
2772
2773
2775
2777
2777
2778
2778
2778
2778
2779
2779
2779
2780
2780
2781
2783
2788
2788
2789
2789
2791
2791
2792
2792
2792
2793
2794
2794
2796
2798
2801
2802
2802
2804
2805
2806
2806
2808
2809
2810
2812
2812
2813
2814
2817
2817
2819
2819
2820
2822
2823
2824
2825
2826
2827
2829
2829
2829
2830
2832
2835
2836
2836
2837
2837
2839
2839
2839
2839
2840
2841
2845
2845
2846
2847
2848
2848
2850
2850
2856
2856
2856
2856
2858
2860
2860
2860
2861
2861
2862
2862
2862
2863
2863
2864
2864
2865
2866
2867
2868
2868
2868
2868
2869
2869
2871
2873
2876
2876
2877
2878
2879
2880
2880
2880
2880
2880
2881
2881
2882
2884
2884
2884
2885
2887
2887
2887
2887
2889
2889
2891
2892
2896
2897
2898
2899
2899
2901
2902
2904
2905
2906
2906
2910
2910
2912
2913
2913
2913
2914
2915
2915
2916
2916
2916
2917
2919
2920
2921
2923
2924
2925
2925
2929
2930
2930
2931
2931
2932
2932
2933
2934
2935
2936
2936
2937
2938
2939
2941
2943
2944
2945
2950
2951
2953
2955
2956
2957
2957
2958
2959
2960
2961
2961
2965
2966
2968
2969
2969
2969
2971
2971
2973
2976
2976
2977
2977
2978
2978
2981
2982
2984
2985
2985
2985
2986
2987
2987
2988
2988
2989
2989
2990
2991
2993
2994
2994
2995
2997
2999
3000
3000
3000
3001
3002
3002
3003
3006
3007
3009
3009
3010
3012
3012
3015
3016
3016
3017
3018
3018
3020
3020
3021
3021
3022
3023
3025
3026
3027
3027
3028
3028
3028
3029
3029
3029
3031
3032
3032
3032
3033
3036
3036
3037
3039
3040
3040
3041
3042
3042
3042
3044
3045
3047
3047
3047
3048
3049
3049
3049
3049
3050
3050
3050
3050
3051
3051
3052
3053
3054
3055
3056
3057
3057
3059
3061
3062
3063
3063
3063
3064
3064
3066
3067
3067
3069
3069
3070
3073
3075
3075
3078
3081
3081
3082
3082
3082
3083
3085
3087
3087
3087
3088
3089
3090
3090
3094
3094
3096
3096
3096
3096
3100
3101
3101
3101
3102
3103
3105
3106
3108
3109
3109
3111
3112
3120
3120
3122
3122
3125
3127
3128
3131
3131
3133
3133
3134
3134
3135
3137
3137
3137
3139
3140
3140
3141
3144
3145
3147
3147
3147
3148
3149
3150
3151
3151
3153
3153
3154
3154
3154
3155
3156
3161
3162
3162
3163
3165
3167
3169
3170
3170
3171
3171
3172
3173
3174
3175
3176
3176
3176
3177
3177
3178
3178
3179
3180
3180
3180
3181
3182
3182
3182
3183
3183
3183
3184
3184
3185
3185
3185
3187
3189
3189
3189
3189
3193
3195
3196
3196
3196
3198
3198
3199
3200
3202
3203
3203
3205
3206
3206
3207
3207
3210
3210
3210
3211
3212
3212
3213
3213
3214
3214
3215
3216
3216
3217
3218
3218
3219
3220
3220
3222
3229
3231
3231
3231
3231
3232
3235
3235
3236
3236
3237
3241
3241
3242
3242
3243
3243
3244
3245
3247
3247
3248
3249
3249
3253
3253
3254
3255
3257
3257
3259
3260
3262
3263
3263
3263
3265
3265
3265
3265
3266
3268
3268
3268
3270
3272
3273
3273
3273
3274
3276
3276
3277
3277
3279
3281
3283
3283
3283
3284
3285
3287
3288
3288
3292
3293
3294
3295
3295
3296
3297
3297
3299
3299
3302
3305
3306
3306
3307
3308
3308
3308
3310
3311
3312
3312
3316
3317
3319
3319
3319
3320
3320
3324
3326
3327
3328
3329
3331
3331
3333
3333
3333
3334
3334
3335
3335
3336
3340
3342
3343
3343
3343
3345
3346
3346
3349
3351
3352
3354
3355
3356
3356
3357
3357
3357
3359
3360
3363
3364
3364
3365
3366
3368
3368
3371
3372
3372
3373
3373
3374
3376
3376
3378
3380
3381
3383
3384
3385
3385
3385
3386
3386
3388
3388
3389
3390
3390
3392
3392
3393
3394
3395
3395
3395
3396
3396
3397
3397
3397
3397
3398
3399
3400
3401
3401
3402
3402
3402
3402
3404
3404
3405
3405
3405
3406
3406
3407
3408
3409
3409
3409
3410
3411
3411
3411
3413
3414
3415
3416
3416
3416
3417
3419
3422
3422
3423
3423
3424
3425
3425
3432
3436
3437
3439
3439
3439
3440
3440
3441
3442
3443
3445
3454
3455
3455
3455
3455
3457
3458
3459
3461
3461
3461
3464
3465
3467
3467
3467
3467
3472
3473
3473
3475
3475
3477
3478
3478
3479
3481
3482
3483
3483
3483
3484
3484
3485
3486
3488
3491
3493
3495
3496
3497
3497
3498
3499
3500
3500
3500
3500
3501
3503
3504
3505
3506
3506
3506
3508
3508
3509
3510
3510
3510
3512
3512
3516
3523
3523
3523
3523
3526
3527
3527
3527
3529
3530
3530
3531
3531
3532
3533
3533
3533
3534
3534
3534
3535
3536
3536
3536
3536
3537
3537
3538
3541
3542
3544
3546
3547
3547
3550
3550
3552
3552
3553
3555
3557
3558
3559
3559
3560
3561
3562
3563
3564
3568
3569
3569
3569
3569
3570
3571
3572
3572
3572
3575
3576
3579
3580
3581
3583
3583
3583
3584
3585
3585
3587
3589
3590
3590
3590
3590
3591
3591
3594
3595
3596
3596
3598
3598
3598
3599
3600
3600
3605
3605
3606
3606
3607
3608
3608
3610
3611
3611
3613
3614
3616
3616
3617
3619
3620
3622
3623
3624
3625
3626
3627
3628
3629
3630
3630
3630
3631
3631
3631
3632
3633
3635
3636
3637
3638
3639
3640
3640
3641
3641
3642
3642
3646
3647
3647
3648
3648
3648
3649
3649
3652
3652
3652
3653
3653
3654
3654
3658
3662
3662
3663
3664
3665
3666
3667
3672
3673
3675
3676
3677
3680
3680
3681
3681
3682
3685
3688
3689
3689
3690
3691
3691
3691
3691
3691
3693
3695
3696
3697
3698
3698
3698
3698
3699
3700
3700
3701
3702
3702
3703
3703
3705
3706
3706
3707
3707
3707
3708
3708
3709
3711
3713
3716
3717
3718
3719
3719
3720
3721
3721
3722
3723
3724
3725
3726
3726
3727
3727
3729
3729
3730
3730
3731
3732
3733
3735
3735
3735
3736
3737
3738
3739
3739
3740
3741
3741
3741
3742
3743
3746
3747
3748
3751
3751
3751
3752
3753
3753
3755
3756
3756
3757
3758
3758
3759
3763
3763
3764
3765
3767
3768
3769
3770
3770
3772
3773
3773
3774
3777
3778
3780
3780
3780
3784
3785
3786
3789
3790
3792
3793
3793
3794
3795
3800
3801
3801
3803
3805
3805
3806
3807
3808
3809
3812
3812
3814
3815
3816
3816
3816
3816
3817
3818
3818
3820
3821
3821
3822
3825
3826
3829
3829
3830
3831
3834
3834
3836
3836
3837
3837
3838
3840
3840
3840
3840
3842
3844
3845
3847
3847
3847
3848
3849
3850
3850
3851
3853
3853
3855
3856
3858
3859
3859
3860
3860
3861
3861
3862
3862
3862
3863
3863
3864
3866
3869
3870
3872
3874
3874
3875
3876
3877
3878
3879
3880
3881
3881
3882
3883
3885
3885
3886
3887
3889
3891
3893
3895
3895
3896
3897
3897
3899
3902
3903
3903
3904
3905
3906
3907
3907
3911
3912
3913
3914
3914
3915
3915
3916
3916
3916
3919
3920
3921
3923
3924
3925
3926
3927
3930
3932
3935
3935
3936
3937
3937
3937
3939
3941
3944
3946
3946
3946
3946
3948
3949
3949
3950
3950
3951
3951
3952
3954
3954
3957
3957
3957
3958
3959
3961
3962
3964
3965
3965
3966
3966
3967
3969
3969
3971
3972
3972
3973
3973
3974
3974
3975
3976
3978
3983
3986
3988
3989
3995
3995
3995
3996
3996
3997
3998
3998
3999
4000
4000
4000
4002
4002
4003
4003
4004
4004
4005
4006
4006
4007
4007
4009
4009
4010
4010
4010
4011
4014
4014
4014
4015
4017
4026
4026
4027
4028
4028
4030
4031
4032
4033
4033
4034
4034
4034
4035
4035
4036
4036
4039
4039
4039
4040
4041
4041
4041
4042
4043
4044
4045
4045
4045
4045
4045
4047
4048
4049
4049
4051
4053
4054
4055
4057
4057
4059
4059
4060
4060
4063
4067
4069
4070
4070
4071
4078
4078
4080
4080
4082
4083
4084
4084
4085
4085
4086
4086
4087
4087
4087
4087
4088
4092
4092
4092
4093
4093
4093
4095
4096
4098
4099
4099
4100
4100
4101
4103
4103
4104
4104
4107
4107
4109
4109
4110
4111
4113
4113
4114
4114
4114
4116
4116
4117
4118
4119
4122
4122
4122
4122
4123
4124
4124
4124
4125
4126
4128
4128
4129
4131
4131
4132
4133
4133
4135
4136
4137
4137
4137
4138
4139
4139
4140
4142
4143
4146
4147
4150
4152
4154
4155
4155
4156
4160
4160
4160
4162
4165
4166
4168
4168
4168
4169
4171
4172
4174
4175
4178
4178
4179
4181
4181
4181
4181
4182
4182
4183
4183
4183
4184
4185
4189
4189
4190
4192
4193
4196
4196
4197
4199
4200
4200
4201
4201
4201
4201
4202
4204
4205
4206
4208
4209
4210
4211
4211
4212
4215
4216
4217
4217
4218
4219
4222
4223
4224
4225
4226
4227
4227
4230
4231
4231
4234
4234
4236
4236
4236
4238
4238
4240
4240
4242
4242
4245
4245
4246
4249
4249
4252
4253
4253
4254
4254
4255
4255
4256
4257
4259
4259
4260
4261
4265
4272
4273
4274
4274
4274
4274
4274
4275
4277
4277
4280
4280
4282
4283
4284
4286
4287
4287
4288
4288
4289
4290
4291
4292
4294
4294
4294
4294
4296
4298
4299
4299
4299
4299
4300
4300
4301
4301
4304
4304
4304
4305
4306
4306
4307
4308
4309
4310
4310
4310
4312
4314
4314
4314
4314
4315
4316
4316
4317
4318
4318
4320
4320
4320
4321
4322
4322
4322
4322
4322
4323
4326
4327
4327
4328
4328
4329
4329
4329
4330
4332
4332
4333
4333
4333
4333
4334
4335
4337
4338
4339
4340
4340
4341
4342
4343
4344
4344
4345
4345
4346
4347
4348
4349
4355
4355
4355
4358
4358
4360
4362
4365
4366
4366
4368
4368
4369
4369
4370
4374
4374
4376
4376
4377
4378
4379
4380
4380
4381
4381
4382
4384
4384
4386
4386
4388
4389
4389
4389
4390
4391
4391
4392
4392
4392
4393
4394
4394
4394
4397
4398
4399
4400
4404
4404
4405
4405
4405
4405
4405
4406
4407
4408
4408
4410
4411
4411
4414
4414
4415
4417
4417
4419
4420
4420
4421
4421
4421
4422
4422
4424
4427
4428
4429
4430
4432
4433
4434
4438
4439
4440
4440
4440
4440
4440
4441
4445
4447
4448
4449
4449
4450
4451
4452
4452
4453
4453
4454
4456
4458
4458
4458
4459
4460
4460
4463
4467
4467
4468
4468
4470
4470
4471
4472
4473
4473
4474
4477
4478
4478
4478
4479
4479
4479
4480
4482
4483
4484
4484
4484
4485
4488
4488
4488
4488
4490
4491
4493
4493
4498
4498
4499
4499
4500
4501
4503
4505
4506
4507
4508
4509
4510
4510
4512
4514
4515
4515
4519
4519
4520
4522
4523
4523
4524
4524
4526
4527
4527
4528
4528
4528
4529
4530
4530
4531
4535
4535
4535
4536
4536
4537
4538
4539
4540
4541
4542
4543
4545
4546
4547
4549
4550
4554
4556
4556
4557
4558
4558
4561
4562
4565
4565
4565
4568
4570
4571
4572
4574
4575
4576
4581
4582
4582
4582
4583
4583
4585
4586
4586
4587
4587
4587
4588
4591
4591
4593
4593
4593
4597
4597
4598
4601
4602
4603
4605
4606
4606
4607
4608
4608
4609
4610
4610
4611
4614
4615
4623
4624
4625
4625
4626
4626
4626
4627
4628
4631
4631
4631
4633
4634
4634
4634
4634
4634
4638
4638
4638
4639
4641
4641
4641
4643
4644
4646
4646
4647
4649
4649
4651
4652
4652
4654
4654
4656
4656
4656
4657
4657
4659
4659
4660
4660
4660
4660
4662
4663
4663
4664
4665
4666
4668
4668
4671
4672
4672
4673
4673
4674
4674
4675
4677
4677
4680
4682
4683
4684
4684
4685
4687
4689
4692
4692
4693
4694
4694
4696
4697
4697
4699
4699
4699
4700
4700
4700
4703
4703
4709
4709
4711
4715
4715
4715
4715
4716
4717
4717
4718
4719
4722
4724
4724
4725
4725
4727
4728
4730
4732
4734
4734
4735
4735
4735
4737
4738
4739
4741
4743
4744
4744
4744
4744
4745
4745
4750
4750
4753
4753
4753
4754
4755
4757
4757
4757
4758
4761
4763
4767
4767
4767
4768
4768
4768
4769
4771
4771
4771
4775
4777
4777
4778
4779
4780
4781
4781
4783
4785
4787
4787
4787
4788
4788
4790
4790
4790
4790
4791
4791
4793
4793
4795
4797
4797
4798
4798
4800
4800
4801
4801
4801
4801
4802
4803
4804
4807
4808
4808
4808
4809
4809
4810
4812
4814
4815
4817
4818
4818
4819
4819
4820
4820
4820
4821
4822
4823
4825
4830
4831
4831
4831
4832
4832
4833
4834
4835
4837
4837
4837
4838
4838
4838
4839
4840
4840
4842
4842
4846
4846
4846
4849
4849
4850
4850
4850
4851
4851
4852
4854
4857
4858
4859
4859
4863
4864
4865
4865
4865
4865
4867
4867
4867
4869
4870
4874
4874
4874
4874
4875
4876
4877
4878
4879
4879
4880
4880
4881
4882
4883
4884
4885
4885
4886
4886
4887
4887
4889
4890
4891
4893
4893
4894
4894
4894
4894
4896
4896
4897
4897
4898
4898
4899
4901
4902
4903
4903
4904
4904
4904
4907
4907
4909
4909
4910
4911
4911
4911
4912
4912
4913
4913
4914
4915
4915
4916
4917
4917
4917
4918
4919
4919
4920
4920
4922
4923
4923
4924
4928
4928
4930
4930
4930
4932
4932
4933
4933
4935
4937
4938
4938
4939
4941
4942
4942
4945
4945
4947
4952
4954
4955
4957
4958
4959
4962
4963
4968
4969
4970
4971
4972
4973
4973
4978
4981
4982
4983
4985
4987
4987
4988
4991
4991
4991
4994
4996
4996
4997
4999
4999
5001
5002
5004
5005
5005
5006
5006
5007
5009
5011
5011
5015
5016
5017
5018
5018
5020
5020
5021
5022
5022
5022
5022
5023
5026
5029
5029
5029
5029
5029
5029
5030
5036
5036
5036
5040
5042
5046
5046
5046
5048
5048
5049
5051
5053
5053
5054
5055
5055
5058
5058
5059
5059
5060
5061
5061
5061
5062
5063
5063
5064
5064
5064
5065
5066
5066
5067
5068
5068
5068
5068
5069
5069
5071
5071
5073
5074
5075
5075
5075
5076
5078
5078
5082
5083
5083
5083
5083
5084
5087
5089
5090
5090
5091
5091
5091
5092
5092
5093
5094
5094
5094
5095
5095
5100
5101
5103
5103
5105
5106
5107
5109
5110
5112
5112
5114
5114
5116
5120
5121
5121
5127
5128
5128
5128
5129
5130
5131
5131
5133
5133
5134
5134
5134
5134
5135
5137
5138
5139
5139
5141
5141
5142
5143
5143
5145
5146
5146
5146
5149
5149
5149
5151
5152
5152
5154
5155
5156
5157
5158
5158
5160
5161
5163
5164
5167
5167
5167
5169
5171
5172
5172
5172
5172
5173
5173
5173
5175
5175
5176
5177
5183
5185
5185
5185
5186
5186
5187
5187
5188
5189
5189
5189
5190
5190
5191
5191
5192
5193
5196
5197
5197
5198
5198
5202
5204
5204
5205
5205
5206
5207
5210
5213
5214
5214
5215
5215
5216
5217
5218
5222
5222
5222
5223
5223
5224
5225
5225
5229
5231
5231
5232
5233
5234
5234
5235
5236
5238
5238
5239
5240
5242
5242
5243
5246
5247
5247
5248
5249
5251
5252
5255
5255
5256
5259
5259
5262
5263
5263
5263
5264
5264
5265
5266
5266
5266
5266
5267
5268
5270
5272
5272
5272
5275
5277
5278
5278
5279
5280
5281
5282
5282
5285
5286
5287
5288
5288
5289
5290
5291
5291
5292
5297
5299
5300
5301
5301
5303
5304
5305
5305
5307
5307
5308
5308
5309
5310
5310
5310
5311
5312
5312
5313
5313
5314
5315
5316
5319
5319
5319
5319
5319
5321
5321
5321
5322
5322
5322
5324
5328
5329
5330
5330
5331
5334
5335
5337
5338
5338
5339
5340
5340
5343
5343
5344
5344
5344
5347
5348
5349
5349
5351
5351
5352
5352
5352
5354
5357
5357
5358
5360
5361
5362
5363
5364
5366
5367
5368
5371
5372
5375
5375
5380
5382
5382
5383
5383
5387
5390
5390
5392
5392
5393
5393
5394
5394
5394
5395
5396
5397
5398
5398
5400
5401
5401
5401
5402
5405
5405
5407
5409
5410
5411
5413
5413
5415
5415
5416
5416
5419
5420
5421
5422
5423
5423
5423
5425
5426
5427
5431
5431
5435
5435
5435
5436
5436
5437
5440
5440
5440
5440
5443
5444
5445
5445
5445
5446
5446
5446
5447
5449
5451
5451
5451
5451
5453
5455
5455
5455
5458
5459
5459
5462
5465
5465
5467
5470
5471
5471
5474
5475
5476
5477
5477
5478
5478
5478
5478
5481
5483
5484
5485
5485
5486
5488
5488
5489
5491
5494
5494
5495
5495
5495
5496
5501
5501
5501
5504
5507
5508
5509
5509
5514
5515
5516
5516
5516
5519
5519
5519
5521
5522
5524
5524
5526
5527
5527
5527
5529
5529
5529
5531
5532
5535
5535
5535
5536
5536
5538
5538
5544
5545
5545
5546
5548
5549
5549
5549
5550
5553
5555
5557
5558
5560
5561
5563
5564
5564
5566
5568
5568
5569
5571
5572
5573
5574
5574
5576
5576
5578
5579
5581
5581
5582
5583
5585
5586
5586
5586
5591
5591
5593
5595
5596
5596
5597
5597
5598
5600
5602
5603
5605
5606
5607
5609
5609
5611
5611
5612
5612
5613
5613
5613
5614
5614
5614
5616
5618
5620
5620
5623
5623
5623
5623
5624
5625
5626
5627
5628
5629
5630
5630
5631
5633
5633
5634
5634
5636
5636
5636
5637
5638
5640
5640
5641
5641
5642
5642
5642
5643
5644
5645
5645
5646
5647
5648
5648
5649
5649
5650
5651
5652
5653
5654
5654
5655
5655
5657
5657
5657
5660
5660
5662
5663
5663
5665
5665
5666
5667
5667
5670
5671
5673
5674
5674
5674
5676
5676
5679
5679
5680
5681
5681
5682
5682
5683
5684
5685
5686
5688
5690
5691
5691
5691
5691
5692
5696
5697
5697
5697
5698
5699
5701
5702
5702
5703
5704
5704
5705
5705
5706
5707
5708
5709
5709
5710
5711
5711
5716
5716
5716
5720
5720
5721
5723
5724
5726
5727
5729
5729
5729
5730
5731
5731
5733
5733
5734
5735
5739
5741
5742
5742
5745
5746
5747
5747
5748
5748
5751
5752
5752
5753
5753
5754
5754
5754
5757
5758
5759
5760
5761
5762
5762
5762
5762
5763
5763
5763
5764
5765
5765
5765
5768
5768
5769
5770
5771
5772
5772
5774
5778
5781
5781
5782
5784
5784
5784
5786
5787
5789
5789
5791
5791
5791
5793
5794
5795
5795
5796
5798
5801
5802
5804
5806
5808
5809
5809
5810
5810
5811
5813
5813
5814
5814
5815
5816
5818
5818
5819
5819
5820
5821
5822
5822
5822
5823
5825
5828
5828
5829
5831
5832
5833
5833
5833
5834
5836
5836
5837
5838
5839
5840
5841
5843
5845
5845
5847
5848
5849
5849
5850
5852
5852
5852
5853
5854
5854
5855
5857
5857
5857
5858
5858
5860
5861
5864
5865
5866
5868
5868
5869
5869
5872
5872
5874
5876
5876
5876
5877
5878
5879
5880
5880
5884
5885
5885
5887
5887
5895
5897
5898
5898
5899
5899
5900
5900
5902
5902
5902
5902
5904
5904
5905
5906
5907
5908
5908
5909
5910
5910
5911
5912
5912
5913
5914
5916
5917
5918
5918
5920
5921
5922
5924
5925
5928
5928
5928
5929
5932
5933
5937
5939
5940
5940
5941
5942
5943
5944
5947
5949
5950
5950
5952
5952
5952
5953
5953
5954
5955
5955
5957
5958
5961
5961
5961
5964
5965
5969
5969
5970
5972
5973
5973
5974
5974
5977
5977
5978
5980
5980
5980
5980
5980
5981
5982
5983
5984
5985
5986
5987
5991
5991
5992
5993
5996
5997
5997
5997
5997
5999
6001
6001
6002
6002
6003
6003
6003
6005
6007
6010
6011
6012
6012
6013
6013
6013
6014
6014
6017
6018
6019
6020
6021
6023
6023
6023
6025
6027
6028
6028
6030
6030
6031
6031
6032
6033
6034
6034
6037
6037
6038
6040
6041
6042
6043
6043
6043
6044
6044
6044
6045
6045
6047
6047
6049
6050
6051
6055
6055
6056
6056
6059
6060
6060
6061
6062
6063
6064
6066
6067
6067
6067
6068
6068
6070
6070
6072
6072
6072
6074
6075
6076
6076
6078
6079
6079
6081
6083
6083
6085
6085
6086
6086
6087
6088
6090
6092
6094
6094
6095
6096
6097
6098
6099
6099
6099
6100
6101
6101
6101
6102
6102
6103
6104
6105
6106
6106
6108
6110
6111
6111
6117
6117
6119
6120
6121
6123
6124
6124
6125
6125
6126
6127
6127
6128
6129
6133
6133
6135
6136
6136
6137
6137
6139
6139
6139
6139
6141
6143
6143
6145
6146
6146
6146
6146
6147
6149
6149
6149
6151
6151
6152
6153
6154
6154
6155
6157
6158
6159
6159
6160
6160
6160
6161
6161
6161
6162
6162
6163
6166
6171
6171
6175
6176
6176
6176
6176
6177
6178
6179
6181
6182
6183
6183
6183
6184
6184
6184
6185
6185
6185
6186
6188
6189
6189
6191
6191
6191
6193
6193
6195
6196
6197
6200
6201
6204
6204
6208
6209
6210
6211
6211
6212
6213
6213
6213
6214
6214
6215
6216
6217
6217
6220
6221
6221
6224
6224
6226
6226
6226
6229
6230
6231
6234
6234
6237
6240
6241
6244
6244
6244
6248
6248
6249
6250
6251
6253
6254
6255
6255
6255
6256
6259
6260
6260
6260
6262
6262
6263
6264
6265
6267
6267
6268
6269
6271
6274
6274
6275
6276
6276
6278
6280
6282
6282
6284
6285
6286
6287
6289
6289
6291
6291
6292
6293
6293
6294
6296
6297
6299
6300
6300
6301
6302
6303
6303
6304
6305
6306
6306
6306
6307
6307
6307
6307
6311
6314
6314
6315
6317
6317
6318
6319
6321
6321
6322
6323
6324
6326
6326
6326
6326
6328
6328
6328
6329
6331
6331
6332
6332
6333
6333
6335
6335
6336
6336
6336
6336
6337
6337
6340
6340
6342
6344
6346
6346
6347
6348
6348
6349
6350
6351
6352
6353
6353
6353
6354
6356
6356
6357
6359
6359
6360
6361
6361
6362
6362
6363
6363
6363
6364
6366
6367
6367
6370
6370
6371
6371
6372
6374
6375
6376
6376
6376
6378
6379
6379
6381
6383
6386
6386
6387
6387
6388
6388
6389
6389
6390
6390
6391
6391
6392
6393
6393
6393
6395
6396
6397
6397
6400
6401
6404
6406
6406
6407
6407
6407
6408
6409
6409
6411
6411
6414
6415
6420
6421
6422
6423
6425
6425
6426
6427
6429
6431
6433
6434
6438
6438
6439
6439
6439
6440
6442
6444
6445
6447
6448
6449
6452
6452
6452
6452
6453
6456
6457
6457
6457
6458
6458
6458
6459
6460
6460
6461
6463
6465
6465
6467
6468
6471
6471
6472
6472
6472
6472
6473
6474
6474
6474
6475
6476
6479
6481
6482
6485
6487
6490
6492
6493
6493
6493
6494
6494
6494
6495
6496
6496
6497
6498
6499
6501
6503
6506
6506
6508
6509
6509
6509
6511
6516
6518
6520
6521
6522
6523
6524
6526
6527
6529
6529
6529
6533
6534
6534
6535
6535
6537
6538
6539
6540
6541
6542
6543
6545
6545
6545
6546
6546
6547
6548
6553
6554
6554
6554
6554
6555
6555
6555
6555
6556
6557
6558
6558
6558
6559
6562
6562
6563
6563
6563
6563
6563
6564
6564
6567
6567
6568
6571
6571
6572
6572
6573
6575
6575
6578
6579
6580
6581
6582
6582
6582
6585
6585
6588
6589
6589
6590
6591
6594
6594
6595
6596
6597
6597
6598
6601
6602
6602
6602
6602
6603
6603
6604
6605
6607
6607
6607
6608
6609
6609
6609
6611
6612
6612
6612
6613
6614
6614
6616
6616
6619
6621
6621
6621
6622
6624
6624
6625
6625
6628
6629
6629
6630
6630
6632
6633
6633
6634
6634
6635
6635
6636
6637
6638
6638
6638
6639
6641
6641
6642
6643
6646
6648
6648
6649
6650
6651
6653
6654
6654
6656
6656
6657
6662
6663
6664
6665
6665
6669
6669
6670
6670
6670
6671
6672
6673
6674
6675
6676
6677
6677
6678
6679
6680
6680
6683
6683
6684
6684
6684
6684
6686
6686
6687
6690
6690
6691
6692
6693
6693
6694
6694
6695
6695
6696
6698
6698
6700
6704
6705
6706
6712
6713
6713
6714
6715
6716
6716
6716
6718
6718
6719
6720
6721
6721
6722
6722
6722
6723
6725
6726
6726
6727
6727
6727
6728
6728
6729
6729
6729
6730
6731
6732
6733
6734
6734
6735
6735
6736
6737
6737
6738
6739
6739
6739
6741
6742
6742
6743
6744
6745
6745
6746
6748
6748
6750
6750
6750
6751
6751
6751
6752
6754
6755
6757
6758
6759
6762
6762
6763
6763
6764
6766
6766
6766
6768
6769
6771
6771
6772
6772
6774
6777
6779
6780
6780
6784
6784
6785
6786
6787
6788
6788
6789
6791
6791
6792
6793
6794
6796
6797
6798
6798
6800
6800
6802
6802
6803
6804
6805
6805
6805
6806
6806
6806
6808
6810
6811
6812
6812
6816
6816
6817
6818
6820
6821
6822
6822
6822
6822
6823
6824
6824
6824
6824
6824
6825
6825
6826
6826
6827
6827
6828
6828
6830
6832
6832
6833
6834
6834
6834
6835
6835
6837
6838
6839
6839
6839
6839
6840
6843
6843
6844
6844
6844
6845
6845
6845
6846
6846
6847
6847
6850
6851
6851
6853
6853
6857
6857
6858
6859
6860
6862
6864
6867
6867
6869
6869
6871
6872
6872
6874
6874
6876
6877
6878
6879
6880
6881
6881
6882
6882
6882
6883
6883
6883
6884
6884
6885
6887
6888
6890
6890
6892
6893
6895
6895
6895
6896
6897
6899
6900
6900
6901
6901
6902
6902
6902
6907
6908
6909
6910
6911
6912
6913
6915
6919
6919
6920
6920
6923
6924
6925
6926
6926
6928
6931
6934
6934
6936
6936
6937
6938
6939
6940
6943
6945
6947
6948
6949
6949
6950
6952
6953
6954
6954
6955
6955
6956
6956
6958
6960
6960
6961
6962
6964
6966
6967
6967
6968
6969
6970
6970
6970
6973
6974
6976
6977
6980
6980
6980
6981
6981
6983
6984
6985
6987
6991
6991
6992
6992
6995
6995
6995
6997
6997
6997
6998
6998
7000
7000
7004
7004
7004
7005
7005
7005
7007
7007
7008
7011
7012
7014
7016
7016
7020
7020
7020
7021
7026
7026
7027
7027
7031
7035
7037
7037
7039
7041
7041
7043
7045
7051
7052
7053
7053
7056
7057
7060
7063
7064
7064
7064
7064
7065
7065
7065
7066
7066
7067
7067
7067
7068
7068
7070
7070
7071
7072
7072
7073
7073
7075
7076
7076
7076
7076
7077
7078
7078
7079
7079
7080
7080
7081
7083
7083
7084
7085
7086
7086
7087
7088
7088
7088
7089
7089
7090
7090
7090
7090
7091
7091
7092
7093
7093
7095
7097
7097
7097
7100
7100
7101
7101
7102
7103
7103
7104
7104
7105
7106
7106
7109
7109
7109
7110
7110
7116
7116
7120
7120
7121
7121
7123
7123
7125
7126
7126
7127
7128
7128
7128
7129
7129
7131
7131
7132
7132
7135
7135
7136
7137
7140
7141
7142
7142
7144
7144
7145
7146
7147
7148
7148
7149
7150
7151
7151
7151
7151
7152
7152
7156
7157
7157
7158
7158
7158
7158
7159
7160
7160
7163
7164
7164
7165
7166
7170
7170
7170
7170
7171
7174
7177
7177
7177
7177
7177
7179
7181
7181
7181
7182
7183
7184
7189
7191
7191
7192
7195
7195
7195
7196
7197
7197
7198
7198
7199
7199
7200
7203
7203
7204
7206
7206
7209
7209
7209
7210
7212
7212
7212
7215
7217
7217
7218
7219
7219
7220
7221
7221
7224
7225
7225
7226
7226
7227
7228
7228
7229
7229
7230
7230
7232
7232
7232
7234
7235
7235
7236
7237
7238
7239
7240
7241
7242
7242
7244
7246
7248
7248
7250
7251
7252
7255
7255
7256
7258
7258
7258
7258
7259
7261
7262
7263
7264
7266
7267
7268
7269
7270
7270
7272
7273
7275
7278
7278
7279
7279
7279
7281
7281
7283
7283
7284
7284
7284
7285
7288
7288
7288
7289
7289
7289
7289
7292
7292
7295
7295
7295
7296
7296
7299
7303
7305
7305
7306
7307
7308
7309
7310
7310
7312
7312
7315
7316
7317
7320
7321
7322
7323
7327
7327
7328
7329
7330
7330
7330
7331
7332
7333
7333
7335
7337
7338
7338
7339
7339
7340
7341
7341
7344
7346
7346
7349
7350
7351
7355
7355
7356
7357
7362
7362
7362
7363
7364
7365
7369
7370
7371
7372
7372
7372
7373
7373
7375
7375
7376
7377
7378
7378
7379
7380
7381
7382
7382
7382
7383
7384
7386
7387
7387
7390
7391
7392
7394
7395
7396
7398
7401
7402
7402
7403
7405
7406
7407
7410
7410
7412
7413
7415
7417
7419
7419
7420
7422
7423
7424
7425
7425
7425
7427
7428
7428
7428
7429
7431
7432
7433
7435
7435
7437
7437
7438
7438
7438
7440
7442
7444
7446
7446
7446
7447
7449
7449
7450
7450
7451
7454
7454
7454
7455
7455
7455
7456
7457
7461
7463
7465
7469
7469
7470
7471
7472
7473
7473
7475
7475
7478
7478
7480
7480
7480
7481
7481
7484
7484
7485
7485
7486
7486
7488
7491
7492
7493
7493
7493
7494
7497
7497
7498
7499
7499
7503
7503
7504
7505
7506
7507
7508
7508
7508
7511
7512
7513
7515
7516
7520
7523
7524
7524
7524
7525
7526
7527
7527
7528
7529
7531
7531
7532
7532
7533
7535
7536
7536
7537
7537
7537
7537
7539
7540
7541
7541
7542
7543
7543
7544
7544
7544
7544
7548
7549
7549
7550
7551
7553
7554
7556
7556
7557
7557
7559
7561
7561
7561
7561
7562
7563
7563
7565
7569
7570
7571
7571
7571
7572
7573
7575
7575
7577
7578
7580
7581
7583
7586
7586
7589
7590
7592
7593
7595
7595
7595
7596
7598
7599
7600
7603
7603
7606
7607
7610
7610
7611
7611
7612
7613
7614
7614
7614
7615
7617
7621
7621
7622
7623
7624
7624
7624
7627
7630
7631
7631
7631
7632
7634
7635
7639
7640
7641
7642
7642
7642
7643
7643
7644
7644
7644
7645
7645
7645
7646
7646
7647
7648
7650
7650
7652
7652
7653
7655
7656
7657
7657
7658
7659
7660
7661
7662
7662
7663
7664
7665
7665
7668
7668
7669
7670
7672
7674
7674
7674
7675
7676
7677
7677
7677
7678
7678
7680
7681
7681
7682
7682
7684
7684
7685
7685
7686
7687
7687
7687
7688
7688
7689
7689
7689
7690
7690
7691
7691
7691
7693
7695
7695
7695
7697
7698
7700
7702
7705
7706
7707
7707
7707
7708
7709
7712
7713
7713
7714
7714
7716
7716
7717
7718
7719
7719
7720
7720
7722
7722
7723
7723
7723
7724
7725
7727
7727
7728
7728
7728
7729
7730
7733
7734
7734
7736
7736
7737
7738
7739
7739
7741
7743
7746
7746
7747
7747
7747
7748
7750
7750
7755
7755
7758
7759
7759
7760
7762
7764
7765
7768
7768
7768
7768
7770
7772
7772
7772
7773
7774
7777
7777
7779
7779
7780
7780
7782
7783
7783
7783
7783
7784
7786
7788
7790
7790
7791
7791
7791
7792
7792
7792
7792
7793
7794
7794
7795
7796
7796
7797
7798
7799
7800
7800
7801
7802
7803
7803
7806
7807
7809
7809
7810
7810
7811
7813
7815
7816
7817
7817
7817
7818
7818
7818
7819
7820
7823
7824
7824
7826
7826
7826
7826
7832
7832
7833
7833
7834
7836
7836
7837
7838
7840
7840
7841
7843
7843
7843
7844
7846
7846
7848
7849
7849
7850
7850
7851
7852
7852
7854
7854
7855
7855
7857
7857
7858
7858
7859
7859
7860
7861
7862
7863
7864
7866
7866
7866
7869
7869
7870
7870
7870
7870
7871
7871
7874
7874
7876
7878
7878
7878
7878
7879
7879
7881
7882
7882
7883
7883
7883
7884
7885
7887
7888
7888
7890
7891
7891
7892
7893
7894
7895
7896
7897
7899
7900
7903
7906
7906
7907
7907
7910
7910
7911
7912
7916
7917
7917
7920
7921
7922
7922
7923
7925
7926
7926
7927
7928
7930
7931
7931
7932
7932
7932
7933
7933
7933
7935
7936
7936
7939
7940
7940
7941
7943
7943
7944
7945
7946
7946
7947
7950
7951
7952
7952
7952
7956
7957
7957
7959
7960
7961
7962
7962
7962
7962
7963
7964
7964
7965
7965
7966
7968
7971
7972
7974
7977
7978
7978
7979
7981
7983
7983
7984
7985
7986
7987
7990
7993
7993
7994
7995
7997
7997
7999
8001
8002
8002
8002
8003
8003
8003
8004
8004
8006
8006
8009
8011
8011
8014
8018
8019
8021
8022
8023
8023
8024
8025
8026
8026
8027
8027
8027
8028
8028
8029
8030
8030
8030
8031
8031
8032
8034
8034
8035
8036
8036
8036
8038
8038
8039
8039
8041
8042
8043
8043
8044
8044
8045
8048
8048
8049
8051
8051
8051
8052
8053
8054
8054
8057
8057
8058
8059
8059
8059
8059
8060
8060
8062
8064
8064
8064
8065
8065
8065
8066
8066
8070
8070
8071
8072
8073
8073
8073
8074
8075
8075
8076
8077
8078
8079
8079
8079
8082
8084
8085
8086
8086
8087
8087
8090
8090
8091
8092
8093
8095
8096
8096
8096
8097
8098
8099
8100
8100
8101
8101
8105
8107
8109
8110
8111
8111
8111
8112
8113
8113
8114
8115
8115
8115
8117
8118
8121
8121
8121
8121
8122
8122
8125
8125
8126
8127
8127
8129
8129
8131
8132
8132
8132
8134
8136
8137
8137
8137
8138
8139
8139
8140
8141
8144
8144
8145
8146
8147
8149
8149
8150
8150
8151
8151
8151
8151
8151
8153
8155
8157
8157
8161
8162
8164
8166
8169
8170
8170
8173
8174
8174
8176
8177
8179
8180
8181
8182
8183
8183
8184
8187
8187
8188
8188
8189
8190
8191
8192
8194
8195
8196
8196
8197
8197
8199
8199
8199
8199
8199
8199
8201
8201
8202
8202
8202
8204
8204
8205
8208
8210
8210
8212
8213
8216
8219
8221
8221
8224
8225
8226
8228
8228
8229
8230
8235
8236
8237
8239
8239
8240
8241
8241
8242
8244
8244
8246
8246
8247
8247
8248
8254
8254
8255
8256
8258
8259
8260
8262
8263
8264
8265
8266
8268
8268
8270
8272
8273
8274
8275
8279
8279
8280
8280
8282
8282
8284
8284
8285
8285
8285
8286
8287
8287
8290
8290
8290
8291
8291
8292
8293
8293
8296
8296
8297
8298
8299
8300
8300
8301
8302
8302
8302
8302
8303
8304
8305
8306
8307
8307
8308
8308
8308
8309
8310
8311
8311
8312
8314
8315
8315
8318
8318
8320
8320
8321
8323
8325
8325
8327
8328
8329
8331
8331
8332
8333
8334
8336
8337
8337
8338
8339
8339
8340
8344
8346
8346
8346
8348
8348
8348
8349
8349
8352
8353
8353
8353
8354
8356
8359
8359
8359
8362
8362
8366
8367
8367
8370
8372
8372
8372
8375
8376
8377
8380
8381
8384
8385
8385
8385
8386
8387
8387
8393
8394
8396
8397
8399
8399
8400
8400
8400
8401
8401
8403
8404
8404
8407
8407
8408
8408
8411
8412
8412
8416
8416
8417
8417
8417
8418
8419
8419
8420
8421
8422
8422
8424
8426
8428
8429
8429
8430
8430
8430
8433
8433
8433
8437
8439
8439
8441
8441
8442
8443
8444
8445
8447
8447
8449
8450
8452
8452
8452
8454
8456
8457
8457
8457
8458
8458
8459
8460
8460
8461
8461
8463
8463
8464
8465
8465
8467
8468
8471
8472
8472
8477
8478
8478
8479
8480
8480
8480
8481
8482
8483
8485
8485
8486
8487
8489
8490
8491
8492
8493
8494
8495
8496
8496
8496
8496
8497
8500
8502
8502
8503
8503
8503
8504
8504
8505
8506
8507
8507
8510
8510
8510
8512
8513
8514
8515
8515
8515
8516
8516
8516
8518
8519
8520
8520
8521
8521
8521
8522
8523
8523
8524
8526
8528
8530
8530
8531
8532
8534
8535
8536
8536
8536
8536
8536
8540
8545
8545
8545
8546
8546
8547
8547
8547
8548
8548
8548
8551
8552
8552
8553
8554
8555
8555
8556
8557
8559
8559
8559
8560
8560
8561
8563
8564
8564
8564
8565
8566
8566
8568
8569
8570
8571
8572
8574
8576
8576
8576
8576
8578
8579
8582
8582
8583
8583
8584
8587
8588
8588
8588
8589
8590
8590
8590
8590
8592
8593
8593
8594
8594
8599
8599
8600
8600
8600
8601
8601
8603
8603
8603
8604
8605
8606
8608
8609
8609
8610
8613
8615
8618
8618
8619
8619
8619
8620
8620
8621
8623
8624
8630
8630
8631
8631
8631
8634
8635
8635
8637
8637
8639
8639
8641
8641
8642
8643
8644
8645
8647
8649
8650
8652
8653
8654
8658
8658
8658
8659
8660
8660
8660
8660
8661
8664
8666
8667
8669
8670
8670
8674
8674
8675
8675
8677
8677
8678
8679
8679
8680
8682
8683
8683
8685
8686
8687
8687
8688
8690
8691
8693
8694
8694
8695
8695
8695
8695
8697
8698
8700
8700
8702
8702
8702
8702
8703
8704
8705
8705
8705
8706
8706
8707
8707
8708
8708
8709
8709
8711
8712
8713
8713
8714
8715
8718
8718
8718
8719
8721
8721
8724
8724
8724
8728
8728
8729
8729
8730
8731
8733
8734
8734
8735
8735
8740
8740
8741
8742
8748
8748
8748
8750
8750
8750
8751
8752
8752
8753
8755
8756
8759
8761
8762
8764
8765
8765
8766
8766
8767
8769
8769
8770
8773
8774
8776
8777
8778
8779
8780
8780
8780
8780
8781
8781
8783
8784
8787
8787
8792
8793
8793
8794
8794
8795
8795
8797
8798
8799
8800
8803
8808
8808
8810
8811
8811
8812
8814
8816
8817
8819
8820
8822
8825
8829
8830
8831
8832
8833
8834
8836
8836
8837
8841
8841
8841
8843
8843
8843
8845
8846
8848
8848
8849
8849
8849
8850
8850
8852
8853
8854
8856
8857
8858
8860
8860
8860
8862
8865
8867
8868
8868
8870
8870
8870
8870
8871
8871
8871
8871
8872
8873
8874
8875
8875
8875
8876
8877
8877
8878
8878
8878
8878
8882
8883
8884
8885
8885
8886
8886
8886
8887
8887
8888
8888
8890
8890
8891
8894
8894
8897
8897
8897
8898
8899
8901
8902
8904
8904
8905
8908
8910
8910
8911
8912
8914
8915
8918
8919
8922
8923
8926
8927
8928
8928
8928
8929
8930
8930
8933
8934
8935
8936
8937
8937
8937
8938
8939
8939
8939
8944
8944
8944
8944
8945
8945
8946
8946
8946
8947
8952
8953
8953
8954
8954
8955
8955
8955
8955
8955
8955
8958
8958
8959
8960
8960
8961
8963
8963
8966
8966
8966
8967
8968
8969
8970
8971
8972
8973
8974
8975
8976
8976
8980
8981
8983
8984
8989
8992
8993
8994
8994
8996
8997
8999
9001
9001
9002
9006
9008
9008
9009
9010
9010
9011
9011
9013
9013
9014
9015
9016
9017
9017
9018
9019
9020
9021
9021
9022
9024
9024
9025
9027
9028
9028
9028
9029
9030
9030
9032
9032
9035
9036
9038
9039
9040
9041
9041
9041
9043
9043
9045
9047
9049
9051
9051
9051
9051
9052
9052
9053
9053
9053
9053
9054
9056
9058
9058
9059
9059
9060
9063
9064
9064
9065
9066
9068
9071
9075
9077
9077
9078
9079
9080
9083
9084
9084
9084
9086
9088
9089
9089
9089
9089
9091
9093
9093
9095
9098
9099
9099
9100
9101
9102
9102
9102
9103
9104
9105
9105
9106
9106
9107
9110
9110
9111
9112
9112
9112
9115
9116
9119
9121
9121
9121
9121
9121
9123
9123
9124
9125
9125
9126
9127
9127
9128
9128
9129
9129
9130
9130
9131
9132
9132
9132
9133
9133
9135
9136
9137
9137
9137
9137
9137
9137
9139
9142
9142
9142
9145
9146
9146
9150
9151
9151
9152
9156
9156
9156
9159
9159
9159
9160
9161
9162
9165
9165
9165
9166
9166
9166
9168
9168
9168
9169
9169
9171
9171
9171
9171
9171
9172
9172
9173
9173
9173
9173
9174
9175
9175
9175
9176
9176
9176
9177
9178
9179
9180
9180
9181
9181
9183
9184
9185
9187
9189
9190
9191
9192
9192
9194
9194
9196
9197
9198
9198
9200
9201
9202
9203
9204
9205
9205
9207
9208
9209
9209
9210
9210
9211
9211
9211
9212
9213
9215
9215
9217
9217
9218
9218
9220
9222
9224
9225
9225
9225
9225
9227
9228
9229
9229
9232
9233
9236
9239
9242
9242
9244
9249
9252
9253
9254
9256
9256
9256
9257
9257
9257
9258
9265
9265
9265
9265
9266
9266
9266
9268
9270
9272
9273
9273
9273
9275
9277
9277
9278
9280
9280
9280
9281
9282
9282
9283
9284
9285
9288
9289
9289
9289
9290
9291
9295
9295
9296
9297
9298
9298
9301
9301
9302
9302
9303
9303
9304
9304
9304
9305
9306
9306
9306
9306
9307
9308
9308
9309
9310
9311
9312
9312
9313
9314
9314
9315
9315
9315
9316
9316
9317
9317
9318
9319
9322
9323
9324
9324
9326
9327
9328
9328
9328
9328
9329
9331
9332
9332
9334
9334
9336
9336
9336
9337
9337
9337
9337
9339
9340
9340
9341
9343
9344
9344
9345
9347
9347
9347
9347
9348
9350
9350
9351
9351
9351
9352
9353
9354
9356
9356
9356
9358
9360
9360
9360
9361
9361
9361
9364
9365
9365
9366
9366
9367
9368
9370
9370
9370
9372
9372
9372
9373
9374
9375
9378
9379
9382
9384
9384
9385
9386
9387
9387
9389
9394
9395
9396
9396
9396
9399
9400
9402
9402
9404
9404
9405
9405
9406
9406
9407
9408
9409
9409
9409
9410
9411
9411
9411
9414
9415
9415
9415
9416
9416
9420
9421
9421
9421
9422
9422
9423
9426
9426
9430
9432
9432
9433
9433
9434
9435
9435
9436
9436
9439
9440
9440
9440
9441
9443
9443
9443
9445
9445
9446
9447
9447
9447
9447
9448
9448
9449
9449
9452
9452
9454
9455
9455
9455
9456
9456
9458
9459
9463
9464
9464
9464
9465
9466
9467
9467
9468
9469
9470
9470
9472
9476
9477
9477
9477
9478
9482
9483
9484
9486
9487
9487
9487
9488
9489
9489
9489
9490
9492
9494
9495
9495
9496
9498
9500
9504
9504
9506
9506
9507
9508
9508
9509
9510
9510
9510
9510
9511
9511
9512
9512
9512
9513
9514
9514
9514
9515
9516
9517
9517
9517
9518
9521
9521
9521
9522
9523
9526
9526
9527
9527
9529
9530
9531
9532
9535
9535
9535
9536
9537
9539
9540
9544
9544
9544
9544
9544
9545
9545
9545
9546
9547
9547
9548
9549
9550
9550
9550
9550
9552
9552
9553
9553
9555
9555
9555
9556
9559
9560
9561
9561
9562
9562
9564
9565
9565
9567
9568
9569
9571
9571
9571
9572
9572
9573
9574
9574
9574
9576
9576
9577
9578
9579
9580
9581
9583
9583
9585
9588
9588
9589
9590
9591
9591
9592
9592
9594
9594
9594
9597
9598
9599
9599
9599
9600
9600
9600
9600
9603
9604
9607
9608
9610
9611
9611
9613
9613
9613
9614
9618
9619
9622
9622
9623
9625
9626
9627
9628
9628
9628
9628
9629
9631
9631
9632
9633
9633
9634
9634
9634
9635
9636
9636
9637
9638
9639
9640
9640
9640
9643
9644
9644
9644
9646
9647
9649
9649
9650
9651
9652
9652
9653
9653
9654
9655
9657
9659
9659
9659
9660
9661
9662
9662
9662
9663
9663
9664
9664
9664
9665
9666
9667
9669
9671
9671
9671
9672
9672
9673
9673
9674
9675
9676
9676
9677
9678
9678
9678
9679
9679
9679
9681
9683
9684
9684
9686
9686
9692
9692
9693
9695
9696
9696
9697
9701
9702
9703
9703
9704
9704
9705
9706
9706
9708
9709
9709
9709
9710
9711
9711
9711
9712
9712
9713
9713
9715
9716
9716
9719
9720
9722
9722
9724
9725
9726
9726
9727
9731
9731
9733
9733
9733
9733
9736
9738
9740
9741
9741
9744
9749
9749
9750
9751
9751
9753
9753
9754
9756
9756
9756
9757
9757
9757
9759
9761
9761
9764
9765
9765
9766
9767
9767
9767
9767
9769
9771
9772
9773
9774
9775
9775
9776
9777
9777
9781
9784
9785
9785
9787
9788
9788
9790
9791
9791
9791
9793
9795
9796
9797
9805
9806
9807
9807
9807
9809
9810
9810
9812
9814
9815
9815
9816
9817
9819
9819
9820
9821
9823
9823
9823
9824
9824
9825
9826
9827
9829
9831
9831
9832
9836
9836
9836
9837
9838
9838
9839
9839
9843
9843
9851
9853
9855
9855
9856
9857
9861
9862
9864
9866
9866
9867
9868
9868
9869
9869
9871
9872
9873
9874
9876
9876
9879
9879
9882
9882
9885
9885
9886
9888
9890
9891
9892
9893
9893
9895
9895
9896
9896
9899
9900
9901
9901
9903
9903
9903
9906
9908
9908
9908
9908
9908
9909
9911
9912
9913
9915
9917
9921
9922
9926
9926
9926
9928
9928
9929
9929
9930
9931
9931
9931
9931
9933
9934
9935
9935
9935
9936
9937
9937
9938
9939
9939
9941
9942
9942
9942
9944
9945
9946
9947
9948
9949
9951
9953
9953
9955
9955
9956
9956
9959
9959
9961
9961
9961
9961
9961
9963
9964
9965
9966
9966
9969
9969
9970
9970
9971
9973
9976
9976
9977
9977
9977
9977
9978
9979
9980
9980
9983
9983
9985
9986
9987
9988
9988
9988
9988
9989
9991
9993
9994
9994
9997
9998
9998
9998
9999
10000
10001
10002
10003
10003
10003
10005
10005
10006
10006
10007
10008
10009
10012
10015
10017
10019
10020
10020
10021
10023
10024
10025
10025
10026
10027
10028
10029
10030
10030
10033
10035
10035
10036
10036
10039
10040
10040
10041
10041
10042
10043
10043
10043
10044
10044
10045
10046
10046
10046
10048
10048
10048
10049
10049
10049
10050
10050
10051
10052
10054
10054
10057
10057
10057
10058
10059
10059
10061
10065
10069
10069
10070
10072
10073
10075
10076
10076
10078
10078
10078
10079
10079
10080
10080
10080
10083
10083
10084
10085
10086
10086
10088
10088
10090
10090
10090
10090
10091
10092
10094
10094
10095
10096
10096
10097
10100
10101
10101
10102
10103
10103
10103
10104
10105
10106
10106
10106
10106
10107
10108
10109
10110
10111
10111
10111
10115
10115
10116
10116
10118
10118
10121
10123
10123
10124
10124
10124
10124
10127
10127
10129
10131
10133
10134
10136
10137
10137
10137
10143
10144
10145
10145
10146
10148
10150
10152
10152
10152
10152
10154
10154
10155
10159
10159
10159
10160
10160
10165
10165
10167
10168
10169
10169
10170
10170
10171
10171
10172
10172
10174
10174
10175
10175
10175
10177
10178
10179
10179
10180
10183
10183
10184
10184
10185
10186
10188
10189
10192
10194
10197
10198
10201
10202
10202
10202
10203
10203
10204
10205
10205
10206
10207
10207
10208
10209
10210
10213
10214
10214
10216
10217
10217
10217
10218
10218
10224
10225
10226
10227
10228
10228
10229
10229
10230
10231
10232
10232
10234
10234
10235
10239
10239
10240
10240
10243
10244
10244
10246
10247
10250
10250
10251
10252
10252
10252
10254
10255
10257
10257
10258
10258
10259
10259
10260
10260
10261
10262
10263
10263
10267
10267
10268
10269
10270
10270
10272
10274
10274
10277
10278
10278
10278
10278
10283
10283
10284
10284
10284
10285
10286
10287
10288
10288
10289
10290
10292
10296
10296
10298
10299
10299
10299
10300
10300
10300
10303
10305
10305
10305
10305
10306
10306
10307
10307
10308
10309
10311
10315
10316
10316
10318
10320
10320
10320
10321
10322
10323
10324
10324
10325
10326
10326
10326
10328
10331
10333
10333
10334
10334
10337
10338
10338
10339
10340
10341
10342
10342
10343
10343
10344
10344
10345
10346
10346
10350
10351
10352
10352
10352
10354
10355
10356
10357
10358
10358
10359
10359
10359
10360
10360
10361
10362
10363
10367
10367
10367
10368
10368
10370
10371
10372
10372
10376
10377
10380
10382
10383
10383
10383
10383
10384
10384
10384
10384
10386
10387
10389
10390
10391
10391
10392
10393
10393
10393
10395
10396
10397
10397
10398
10399
10399
10402
10402
10403
10404
10405
10405
10405
10406
10408
10408
10409
10410
10410
10411
10412
10413
10413
10414
10418
10420
10420
10420
10421
10422
10423
10424
10425
10426
10426
10428
10428
10428
10428
10429
10430
10430
10431
10432
10433
10434
10434
10434
10436
10437
10438
10439
10439
10441
10442
10442
10444
10444
10445
10445
10445
10445
10448
10448
10452
10453
10453
10453
10454
10455
10456
10456
10458
10458
10458
10458
10460
10461
10465
10466
10466
10468
10468
10469
10471
10471
10472
10472
10472
10473
10473
10473
10478
10482
10483
10484
10484
10485
10486
10486
10486
10488
10488
10489
10489
10489
10490
10491
10493
10493
10495
10496
10498
10499
10499
10499
10501
10501
10502
10502
10505
10505
10507
10507
10509
10509
10510
10511
10513
10513
10513
10516
10517
10517
10518
10519
10519
10521
10522
10523
10523
10525
10525
10526
10528
10529
10532
10532
10532
10534
10535
10536
10538
10540
10540
10540
10546
10546
10547
10547
10548
10549
10550
10550
10551
10551
10552
10552
10553
10560
10561
10561
10564
10565
10566
10567
10568
10569
10569
10569
10570
10570
10571
10574
10575
10576
10577
10577
10577
10578
10580
10580
10582
10583
10583
10583
10584
10587
10588
10588
10588
10589
10590
10592
10593
10593
10594
10594
10595
10595
10596
10597
10597
10598
10598
10599
10601
10605
10606
10607
10607
10607
10607
10608
10608
10610
10611
10612
10614
10614
10616
10616
10618
10618
10620
10620
10622
10623
10623
10625
10625
10626
10626
10628
10628
10628
10628
10628
10629
10631
10631
10631
10635
10635
10635
10638
10638
10640
10641
10642
10642
10643
10643
10645
10646
10646
10646
10648
10649
10649
10652
10655
10656
10656
10658
10659
10659
10661
10662
10663
10663
10665
10669
10670
10671
10674
10675
10675
10676
10677
10679
10683
10684
10688
10690
10690
10692
10694
10695
10695
10696
10699
10701
10702
10702
10705
10705
10706
10712
10713
10717
10718
10718
10721
10724
10724
10724
10727
10728
10729
10731
10731
10733
10734
10735
10736
10736
10739
10739
10741
10742
10743
10743
10746
10749
10751
10753
10755
10756
10756
10756
10758
10759
10760
10760
10760
10762
10766
10767
10768
10770
10770
10773
10776
10777
10779
10781
10781
10781
10782
10783
10783
10785
10785
10785
10786
10787
10790
10790
10791
10791
10791
10792
10793
10794
10796
10800
10802
10803
10804
10806
10806
10806
10807
10807
10807
10808
10808
10808
10810
10814
10815
10816
10817
10817
10819
10819
10819
10823
10824
10825
10826
10826
10828
10830
10831
10832
10832
10832
10835
10838
10839
10840
10842
10842
10844
10845
10846
10847
10847
10848
10848
10849
10849
10850
10851
10852
10852
10853
10855
10856
10857
10857
10857
10858
10858
10858
10859
10859
10860
10862
10862
10863
10864
10866
10868
10870
10874
10874
10877
10877
10879
10879
10882
10883
10885
10885
10886
10886
10887
10887
10888
10888
10892
10892
10893
10893
10894
10895
10897
10899
10899
10901
10901
10904
10905
10908
10909
10910
10912
10912
10913
10914
10915
10917
10919
10920
10920
10924
10924
10924
10925
10925
10925
10927
10928
10928
10930
10932
10932
10934
10934
10938
10939
10939
10940
10941
10943
10944
10951
10952
10952
10953
10954
10955
10956
10957
10957
10958
10960
10960
10961
10962
10964
10967
10969
10970
10971
10972
10972
10974
10978
10979
10980
10981
10981
10982
10985
10987
10988
10990
10991
10991
10994
10994
10994
10996
10997
10997
11000
11001
11001
11004
11005
11005
11005
11007
11007
11008
11009
11009
11011
11011
11012
11012
11013
11014
11015
11015
11015
11017
11017
11018
11019
11020
11021
11022
11023
11026
11027
11030
11031
11033
11033
11034
11036
11036
11037
11038
11040
11041
11041
11043
11047
11047
11047
11048
11048
11050
11051
11051
11054
11054
11055
11056
11058
11059
11060
11061
11061
11063
11064
11067
11069
11070
11071
11071
11071
11072
11074
11075
11075
11076
11076
11079
11079
11079
11080
11080
11080
11082
11083
11086
11087
11089
11089
11089
11090
11091
11093
11096
11099
11099
11099
11101
11102
11102
11103
11103
11104
11105
11107
11107
11107
11108
11110
11110
11110
11111
11112
11113
11113
11114
11115
11118
11118
11119
11120
11120
11120
11121
11122
11123
11123
11124
11124
11124
11126
11127
11129
11130
11130
11131
11131
11132
11132
11136
11136
11136
11138
11138
11139
11139
11139
11140
11140
11140
11141
11144
11145
11145
11145
11145
11146
11146
11146
11149
11152
11153
11154
11156
11156
11156
11157
11159
11160
11161
11161
11162
11163
11163
11164
11166
11168
11168
11168
11169
11170
11170
11172
11173
11174
11175
11175
11176
11177
11177
11177
11177
11177
11179
11180
11181
11183
11183
11187
11187
11187
11187
11187
11187
11187
11188
11189
11189
11190
11191
11192
11194
11200
11201
11203
11204
11205
11209
11211
11213
11213
11214
11215
11218
11220
11221
11221
11221
11222
11222
11223
11224
11225
11229
11232
11233
11234
11236
11237
11238
11238
11239
11239
11240
11240
11240
11240
11242
11243
11245
11245
11247
11247
11247
11249
11250
11250
11251
11252
11253
11255
11256
11256
11257
11259
11261
11262
11264
11264
11266
11267
11267
11268
11270
11271
11274
11274
11278
11279
11279
11280
11281
11281
11282
11284
11284
11285
11286
11287
11288
11288
11288
11288
11289
11290
11291
11291
11292
11292
11293
11293
11295
11295
11297
11299
11301
11301
11301
11302
11304
11305
11305
11306
11307
11308
11308
11308
11309
11309
11309
11313
11313
11313
11314
11315
11316
11316
11316
11317
11317
11318
11321
11322
11325
11325
11326
11328
11328
11329
11330
11331
11331
11331
11332
11332
11333
11333
11334
11334
11334
11336
11336
11338
11339
11339
11340
11340
11341
11341
11341
11343
11344
11344
11345
11346
11347
11347
11348
11349
11349
11351
11352
11352
11353
11354
11354
11354
11357
11357
11357
11358
11359
11361
11362
11365
11365
11366
11366
11366
11368
11369
11371
11371
11371
11373
11373
11374
11375
11375
11376
11379
11379
11381
11383
11383
11383
11385
11386
11386
11388
11390
11391
11391
11391
11393
11394
11395
11395
11397
11399
11399
11399
11400
11400
11401
11401
11402
11402
11403
11405
11408
11408
11409
11409
11411
11412
11412
11414
11414
11416
11416
11416
11417
11417
11417
11419
11420
11420
11421
11424
11424
11431
11435
11435
11436
11436
11437
11437
11438
11443
11444
11444
11445
11448
11448
11449
11450
11450
11452
11453
11454
11456
11459
11460
11461
11463
11464
11464
11465
11467
11468
11468
11469
11469
11470
11471
11472
11475
11476
11477
11483
11485
11487
11488
11488
11489
11490
11491
11491
11492
11492
11492
11493
11494
11495
11495
11499
11501
11502
11502
11503
11504
11505
11506
11506
11506
11507
11514
11515
11516
11517
11518
11518
11518
11519
11522
11523
11524
11525
11526
11528
11529
11529
11530
11530
11531
11531
11532
11532
11533
11533
11537
11537
11538
11538
11539
11540
11540
11543
11544
11544
11544
11545
11546
11546
11546
11547
11548
11548
11549
11551
11551
11553
11553
11554
11556
11556
11558
11559
11560
11562
11562
11563
11563
11563
11563
11563
11564
11564
11564
11565
11566
11567
11568
11568
11569
11569
11570
11571
11571
11571
11572
11573
11573
11574
11574
11579
11580
11581
11583
11584
11585
11585
11588
11590
11590
11592
11593
11593
11594
11594
11594
11597
11598
11599
11600
11602
11603
11604
11605
11606
11606
11606
11607
11607
11607
11608
11608
11610
11613
11613
11614
11615
11615
11616
11619
11620
11623
11624
11625
11626
11626
11627
11630
11631
11631
11632
11633
11634
11635
11635
11636
11638
11638
11638
11638
11638
11639
11639
11642
11643
11643
11643
11644
11645
11645
11646
11647
11647
11648
11648
11648
11649
11650
11652
11652
11653
11654
11654
11654
11655
11656
11658
11658
11659
11663
11663
11664
11665
11667
11667
11667
11667
11668
11669
11669
11670
11672
11673
11674
11675
11676
11677
11680
11680
11681
11681
11682
11684
11686
11686
11688
11688
11690
11690
11691
11692
11692
11693
11694
11694
11695
11696
11696
11696
11696
11698
11698
11699
11699
11700
11700
11705
11706
11708
11709
11709
11709
11710
11711
11712
11715
11715
11716
11717
11719
11719
11720
11721
11721
11722
11723
11723
11724
11728
11729
11730
11731
11733
11733
11734
11735
11735
11736
11737
11740
11742
11742
11742
11742
11743
11743
11744
11744
11746
11746
11749
11750
11750
11750
11750
11752
11753
11754
11755
11759
11759
11759
11760
11763
11763
11764
11764
11766
11767
11767
11770
11771
11773
11773
11773
11775
11776
11779
11779
11780
11781
11782
11783
11783
11783
11784
11785
11785
11786
11787
11787
11789
11792
11794
11796
11796
11799
11800
11804
11804
11805
11805
11805
11806
11806
11806
11808
11809
11810
11811
11811
11812
11812
11813
11814
11815
11816
11817
11819
11820
11822
11823
11824
11825
11827
11829
11830
11832
11835
11838
11839
11839
11839
11841
11841
11842
11843
11845
11845
11845
11846
11846
11848
11849
11850
11851
11851
11853
11855
11856
11856
11858
11859
11859
11861
11861
11862
11862
11865
11866
11866
11868
11869
11871
11871
11872
11872
11872
11874
11874
11876
11877
11878
11878
11878
11879
11880
11880
11880
11883
11884
11884
11885
11887
11887
11887
11888
11890
11891
11891
11892
11893
11893
11897
11899
11899
11899
11901
11901
11902
11905
11906
11908
11910
11911
11912
11912
11913
11913
11913
11913
11913
11916
11918
11918
11919
11920
11921
11924
11924
11926
11926
11927
11927
11928
11929
11931
11932
11935
11937
11938
11938
11939
11941
11941
11942
11942
11944
11944
11948
11948
11949
11950
11952
11953
11954
11954
11955
11955
11957
11958
11958
11958
11959
11959
11959
11961
11962
11963
11963
11963
11965
11966
11966
11966
11966
11966
11967
11968
11968
11969
11970
11972
11972
11973
11973
11973
11975
11975
11976
11978
11978
11980
11980
11981
11981
11982
11983
11983
11983
11984
11984
11986
11987
11989
11990
11991
11992
11992
11993
11994
11994
11994
11995
11996
11997
11997
12000
12000
12000
12001
12001
12001
12002
12002
12002
12002
12005
12005
12005
12005
12007
12009
12009
12010
12011
12015
12015
12017
12019
12019
12021
12024
12025
12025
12027
12027
12028
12029
12029
12029
12029
12030
12031
12034
12034
12034
12035
12037
12038
12040
12042
12043
12043
12044
12045
12045
12046
12046
12047
12047
12050
12051
12052
12052
12055
12060
12060
12062
12064
12064
12065
12067
12067
12068
12068
12070
12072
12072
12074
12074
12075
12075
12076
12076
12077
12078
12078
12081
12082
12084
12085
12088
12089
12090
12090
12091
12091
12093
12093
12094
12095
12095
12095
12095
12096
12096
12096
12098
12098
12099
12100
12102
12102
12103
12103
12104
12104
12104
12105
12106
12106
12107
12107
12108
12110
12111
12113
12114
12115
12116
12116
12117
12118
12120
12121
12122
12122
12124
12125
12125
12125
12127
12128
12129
12130
12130
12132
12134
12134
12135
12138
12138
12139
12139
12140
12141
12141
12142
12142
12143
12144
12145
12145
12146
12146
12146
12147
12149
12151
12153
12153
12155
12155
12156
12156
12158
12160
12160
12161
12161
12164
12165
12165
12166
12168
12168
12171
12171
12171
12171
12172
12172
12173
12173
12174
12174
12177
12178
12179
12179
12180
12182
12182
12182
12182
12183
12183
12185
12185
12185
12187
12188
12191
12191
12193
12195
12195
12196
12196
12196
12198
12199
12200
12201
12201
12203
12204
12208
12208
12210
12212
12213
12214
12216
12216
12217
12217
12219
12219
12221
12221
12223
12223
12224
12225
12228
12228
12229
12229
12233
12233
12237
12238
12238
12240
12241
12243
12244
12245
12246
12246
12248
12248
12249
12249
12251
12251
12252
12254
12254
12255
12256
12256
12257
12258
12258
12259
12259
12259
12260
12261
12262
12262
12263
12263
12264
12264
12265
12267
12267
12268
12269
12269
12269
12269
12270
12274
12275
12276
12278
12278
12280
12282
12283
12285
12286
12287
12287
12288
12289
12292
12294
12295
12295
12301
12301
12304
12305
12306
12307
12307
12310
12311
12313
12313
12313
12314
12314
12316
12316
12318
12318
12324
12324
12326
12328
12329
12329
12330
12331
12332
12332
12332
12333
12333
12334
12334
12336
12336
12336
12336
12337
12338
12338
12338
12340
12340
12341
12342
12343
12345
12351
12351
12352
12352
12355
12355
12355
12357
12357
12358
12361
12361
12363
12363
12364
12364
12365
12365
12367
12370
12371
12371
12372
12372
12376
12376
12378
12379
12380
12381
12381
12382
12383
12386
12389
12391
12393
12394
12396
12400
12403
12405
12405
12406
12406
12406
12407
12408
12409
12409
12414
12415
12415
12417
12417
12417
12418
12419
12419
12426
12427
12429
12429
12429
12430
12430
12430
12430
12431
12431
12432
12432
12433
12433
12433
12434
12434
12434
12434
12436
12436
12439
12440
12441
12441
12443
12443
12443
12444
12446
12448
12448
12449
12449
12449
12450
12451
12451
12451
12453
12458
12458
12459
12460
12462
12463
12465
12466
12466
12467
12469
12469
12472
12473
12475
12477
12477
12477
12478
12479
12479
12479
12481
12481
12483
12483
12484
12488
12489
12490
12490
12492
12492
12494
12494
12494
12494
12495
12497
12499
12500
12505
12506
12507
12507
12509
12509
12511
12512
12512
12513
12514
12515
12515
12516
12518
12520
12523
12524
12524
12526
12526
12526
12529
12530
12530
12532
12533
12535
12538
12538
12541
12542
12542
12542
12542
12543
12543
12544
12544
12546
12547
12547
12549
12549
12549
12550
12550
12551
12552
12554
12556
12557
12558
12558
12560
12561
12562
12562
12563
12563
12563
12564
12564
12566
12568
12568
12568
12569
12571
12572
12573
12574
12576
12577
12580
12580
12580
12581
12582
12583
12584
12586
12588
12589
12592
12593
12594
12595
12595
12599
12601
12601
12602
12603
12603
12604
12604
12605
12606
12607
12607
12609
12611
12611
12612
12613
12615
12615
12616
12616
12618
12619
12621
12625
12625
12628
12629
12630
12630
12631
12633
12634
12636
12637
12638
12638
12638
12640
12641
12642
12642
12643
12644
12644
12646
12647
12649
12649
12650
12651
12651
12652
12653
12655
12656
12657
12658
12658
12663
12663
12665
12665
12665
12665
12669
12670
12671
12673
12674
12674
12676
12678
12679
12680
12681
12681
12683
12683
12685
12687
12687
12689
12691
12691
12691
12692
12692
12692
12694
12694
12694
12695
12696
12696
12696
12699
12700
12701
12701
12701
12702
12704
12704
12705
12705
12708
12709
12709
12709
12710
12710
12711
12712
12712
12712
12717
12723
12723
12724
12727
12728
12728
12729
12732
12732
12733
12733
12734
12735
12737
12737
12738
12738
12739
12739
12739
12740
12740
12740
12740
12743
12744
12744
12746
12747
12747
12748
12749
12749
12750
12755
12756
12757
12758
12759
12760
12763
12774
12774
12775
12775
12776
12776
12776
12777
12778
12779
12780
12780
12783
12783
12783
12784
12785
12785
12786
12787
12788
12789
12790
12790
12790
12791
12793
12793
12794
12797
12798
12798
12799
12799
12799
12800
12801
12801
12803
12803
12806
12807
12810
12811
12812
12812
12814
12814
12815
12815
12816
12817
12817
12818
12820
12821
12822
12826
12827
12827
12829
12829
12829
12829
12829
12830
12830
12831
12832
12834
12835
12835
12835
12836
12836
12836
12837
12837
12838
12839
12841
12842
12842
12843
12844
12845
12846
12847
12848
12848
12852
12852
12852
12853
12854
12854
12857
12860
12861
12862
12862
12866
12867
12867
12867
12868
12868
12868
12871
12872
12873
12873
12874
12874
12875
12875
12876
12877
12877
12879
12882
12882
12884
12884
12885
12885
12885
12885
12886
12887
12887
12887
12887
12890
12890
12891
12893
12893
12896
12898
12899
12899
12900
12901
12901
12903
12904
12907
12907
12908
12909
12909
12911
12912
12913
12914
12918
12921
12923
12923
12924
12925
12925
12926
12929
12929
12929
12930
12932
12932
12932
12936
12936
12937
12937
12938
12938
12942
12943
12943
12944
12947
12949
12949
12949
12950
12950
12951
12951
12952
12953
12954
12955
12955
12956
12957
12958
12958
12959
12961
12963
12963
12964
12966
12966
12967
12967
12968
12968
12968
12969
12969
12970
12972
12974
12975
12975
12975
12976
12977
12982
12982
12983
12984
12985
12986
12987
12989
12990
12992
12993
12993
12995
12998
12999
12999
13000
13002
13002
13003
13004
13004
13007
13008
13009
13010
13012
13013
13013
13014
13020
13021
13022
13023
13023
13023
13023
13023
13027
13027
13028
13029
13030
13030
13034
13036
13037
13038
13038
13039
13039
13042
13043
13043
13045
13046
13049
13050
13052
13052
13052
13053
13056
13062
13064
13064
13066
13068
13068
13068
13069
13069
13069
13070
13070
13072
13072
13078
13079
13079
13081
13081
13083
13084
13086
13089
13091
13091
13093
13093
13094
13096
13097
13097
13097
13098
13100
13101
13102
13106
13108
13109
13111
13111
13112
13114
13115
13116
13116
13117
13117
13118
13119
13120
13120
13120
13121
13122
13123
13124
13125
13126
13126
13126
13126
13127
13127
13128
13129
13130
13131
13132
13132
13133
13133
13133
13134
13135
13135
13136
13136
13137
13137
13137
13139
13140
13140
13141
13141
13144
13144
13145
13145
13145
13146
13147
13148
13148
13148
13150
13152
13153
13153
13154
13154
13155
13156
13159
13159
13160
13160
13163
13165
13167
13170
13171
13172
13172
13174
13174
13175
13175
13179
13179
13179
13180
13181
13183
13184
13184
13184
13185
13185
13186
13187
13187
13188
13192
13193
13196
13197
13198
13203
13203
13204
13205
13208
13210
13211
13212
13213
13213
13217
13217
13219
13222
13223
13225
13225
13226
13226
13226
13227
13228
13228
13228
13229
13234
13234
13236
13237
13237
13239
13240
13242
13243
13243
13245
13246
13247
13247
13247
13253
13253
13255
13255
13255
13255
13256
13259
13260
13260
13260
13260
13261
13262
13262
13265
13266
13267
13268
13273
13273
13273
13274
13274
13276
13277
13278
13278
13279
13280
13280
13280
13280
13285
13286
13286
13287
13287
13288
13289
13289
13289
13290
13290
13292
13292
13292
13294
13294
13294
13295
13296
13299
13299
13299
13300
13300
13301
13301
13302
13302
13302
13303
13304
13305
13306
13307
13308
13308
13309
13309
13310
13311
13312
13313
13315
13316
13316
13319
13322
13322
13323
13325
13326
13327
13328
13331
13332
13333
13333
13334
13335
13335
13336
13336
13336
13337
13337
13338
13339
13343
13344
13344
13344
13345
13348
13348
13349
13352
13353
13353
13354
13355
13357
13357
13358
13358
13360
13361
13363
13365
13366
13366
13367
13368
13368
13369
13371
13371
13372
13374
13375
13375
13375
13377
13378
13379
13380
13380
13380
13381
13381
13382
13382
13383
13383
13384
13386
13388
13391
13391
13393
13393
13393
13396
13397
13398
13398
13401
13402
13404
13406
13409
13409
13409
13409
13410
13410
13410
13414
13414
13414
13419
13420
13423
13424
13426
13426
13426
13427
13427
13430
13430
13431
13432
13436
13436
13438
13439
13439
13439
13442
13442
13445
13445
13447
13447
13447
13447
13447
13448
13450
13451
13451
13451
13451
13451
13451
13455
13456
13457
13458
13459
13460
13461
13461
13461
13462
13462
13463
13465
13466
13466
13467
13467
13468
13469
13470
13471
13472
13473
13474
13475
13477
13479
13479
13480
13482
13482
13483
13483
13487
13487
13487
13487
13490
13493
13496
13496
13497
13498
13498
13499
13500
13505
13505
13506
13506
13507
13507
13508
13510
13510
13510
13510
13512
13515
13516
13517
13519
13520
13522
13523
13525
13526
13528
13528
13528
13529
13530
13530
13531
13534
13535
13537
13537
13538
13538
13539
13540
13541
13541
13541
13543
13544
13546
13547
13547
13547
13548
13549
13551
13553
13555
13555
13555
13557
13558
13560
13562
13566
13567
13568
13568
13570
13572
13572
13573
13574
13574
13574
13574
13575
13577
13578
13580
13580
13581
13581
13583
13583
13585
13585
13586
13586
13589
13590
13590
13592
13592
13592
13593
13594
13594
13597
13597
13597
13597
13600
13602
13603
13603
13603
13603
13604
13604
13606
13607
13608
13608
13609
13610
13610
13611
13612
13612
13612
13613
13614
13615
13616
13616
13617
13620
13622
13623
13623
13624
13626
13626
13627
13629
13631
13631
13632
13632
13632
13633
13635
13636
13637
13637
13638
13640
13643
13644
13646
13646
13647
13650
13653
13654
13655
13655
13655
13655
13657
13659
13660
13660
13660
13660
13661
13662
13662
13664
13664
13668
13669
13671
13673
13674
13674
13676
13676
13678
13679
13679
13679
13680
13681
13681
13681
13682
13682
13682
13685
13687
13689
13690
13690
13691
13692
13692
13692
13693
13693
13693
13693
13693
13695
13698
13698
13699
13701
13703
13703
13703
13704
13704
13705
13707
13707
13707
13708
13710
13711
13712
13712
13713
13713
13713
13714
13714
13714
13715
13716
13716
13716
13717
13719
13719
13720
13722
13722
13723
13723
13726
13726
13726
13726
13728
13729
13729
13729
13729
13730
13730
13730
13733
13733
13733
13734
13735
13736
13737
13740
13743
13744
13744
13745
13750
13752
13752
13755
13756
13759
13759
13760
13760
13762
13763
13763
13768
13768
13768
13769
13771
13772
13772
13773
13773
13773
13774
13775
13775
13776
13778
13779
13779
13780
13780
13780
13782
13783
13789
13791
13791
13791
13792
13793
13793
13795
13796
13798
13798
13799
13799
13800
13801
13802
13803
13803
13804
13804
13805
13807
13808
13810
13811
13812
13812
13813
13813
13817
13817
13818
13818
13818
13818
13821
13821
13822
13823
13823
13824
13826
13827
13827
13827
13828
13830
13830
13831
13832
13832
13833
13834
13835
13836
13838
13839
13840
13841
13841
13842
13843
13844
13844
13845
13846
13847
13849
13852
13852
13855
13857
13857
13857
13857
13858
13861
13863
13864
13864
13864
13865
13866
13866
13868
13868
13868
13870
13870
13873
13874
13874
13874
13874
13876
13876
13877
13880
13882
13882
13882
13883
13885
13887
13888
13890
13892
13892
13893
13894
13894
13894
13895
13895
13898
13899
13899
13900
13901
13901
13903
13903
13903
13905
13905
13906
13907
13907
13910
13911
13912
13913
13916
13916
13916
13917
13919
13920
13921
13921
13922
13923
13924
13925
13927
13928
13928
13928
13930
13931
13931
13931
13931
13931
13932
13932
13932
13933
13933
13938
13938
13939
13939
13939
13940
13940
13940
13942
13944
13944
13946
13949
13950
13951
13952
13953
13953
13954
13954
13954
13955
13957
13958
13958
13959
13960
13961
13961
13962
13962
13964
13965
13968
13968
13968
13968
13969
13970
13972
13972
13973
13975
13978
13978
13979
13980
13981
13984
13990
13990
13990
13992
13994
13994
13995
13996
13998
13998
14000
14000
14001
14001
14002
14003
14005
14006
14007
14008
14009
14009
14012
14014
14014
14015
14018
14018
14018
14018
14022
14023
14023
14023
14024
14024
14025
14026
14028
14029
14029
14031
14031
14031
14032
14033
14033
14033
14034
14035
14035
14037
14038
14039
14040
14041
14041
14042
14045
14046
14047
14047
14047
14047
14047
14048
14048
14050
14051
14053
14055
14055
14057
14057
14057
14058
14059
14059
14059
14061
14066
14068
14068
14070
14070
14073
14073
14073
14073
14075
14075
14076
14078
14080
14080
14082
14083
14083
14085
14085
14085
14086
14087
14088
14088
14088
14089
14089
14090
14091
14091
14091
14093
14096
14097
14099
14099
14099
14100
14101
14101
14103
14103
14104
14105
14105
14106
14106
14107
14108
14109
14110
14111
14112
14112
14114
14116
14116
14117
14118
14118
14118
14119
14119
14123
14124
14125
14126
14126
14130
14130
14131
14131
14131
14132
14133
14136
14140
14142
14143
14143
14143
14145
14145
14148
14149
14149
14150
14151
14154
14154
14155
14155
14159
14162
14162
14164
14164
14166
14166
14166
14166
14168
14168
14173
14174
14174
14175
14178
14179
14180
14180
14181
14182
14182
14183
14183
14184
14184
14185
14186
14186
14187
14188
14188
14189
14189
14190
14191
14192
14193
14194
14197
14197
14197
14198
14198
14199
14200
14200
14206
14206
14207
14207
14208
14209
14210
14213
14214
14214
14214
14214
14215
14215
14216
14217
14217
14218
14220
14221
14221
14221
14222
14224
14224
14224
14225
14227
14228
14228
14229
14231
14232
14235
14236
14236
14238
14238
14238
14238
14239
14239
14240
14240
14240
14244
14244
14248
14248
14249
14249
14256
14260
14261
14261
14261
14262
14262
14263
14265
14266
14267
14267
14267
14268
14268
14269
14270
14270
14271
14273
14273
14273
14275
14276
14277
14278
14278
14278
14280
14280
14281
14282
14282
14283
14284
14285
14286
14287
14288
14288
14289
14289
14290
14291
14291
14293
14293
14293
14293
14294
14295
14297
14300
14300
14301
14301
14301
14303
14304
14304
14305
14305
14305
14305
14308
14310
14312
14312
14312
14312
14313
14314
14314
14317
14317
14320
14322
14323
14324
14324
14324
14324
14325
14325
14326
14327
14332
14332
14332
14332
14333
14335
14335
14336
14336
14336
14338
14339
14340
14341
14342
14342
14342
14343
14344
14346
14347
14349
14350
14350
14353
14353
14353
14353
14354
14354
14356
14356
14357
14358
14358
14358
14359
14360
14360
14361
14362
14363
14363
14364
14366
14370
14373
14373
14373
14377
14377
14379
14379
14380
14380
14381
14381
14382
14388
14388
14388
14391
14392
14392
14393
14393
14393
14393
14395
14395
14396
14396
14397
14398
14399
14400
14406
14408
14409
14409
14410
14411
14415
14415
14416
14416
14419
14420
14422
14423
14423
14424
14426
14427
14429
14429
14432
14433
14433
14435
14436
14437
14440
14441
14444
14446
14446
14448
14449
14450
14451
14451
14452
14452
14453
14453
14455
14455
14456
14458
14459
14459
14459
14459
14460
14461
14461
14461
14462
14462
14463
14467
14467
14468
14468
14469
14469
14470
14470
14470
14470
14470
14472
14473
14473
14474
14475
14476
14477
14478
14479
14479
14480
14481
14482
14482
14482
14484
14485
14486
14487
14489
14489
14490
14491
14495
14498
14499
14499
14500
14501
14501
14503
14505
14506
14506
14509
14510
14511
14512
14512
14513
14515
14515
14518
14519
14520
14521
14522
14525
14525
14527
14528
14528
14529
14531
14535
14536
14536
14536
14537
14537
14540
14540
14540
14541
14542
14542
14542
14542
14542
14543
14548
14549
14549
14551
14554
14555
14555
14556
14557
14557
14557
14559
14560
14562
14564
14565
14566
14566
14567
14567
14568
14571
14571
14572
14572
14573
14576
14576
14576
14576
14579
14579
14580
14581
14582
14583
14583
14583
14584
14584
14586
14586
14587
14587
14589
14589
14590
14591
14593
14593
14594
14594
14595
14596
14596
14601
14602
14602
14604
14605
14605
14605
14605
14606
14607
14608
14610
14612
14615
14615
14615
14616
14616
14617
14618
14618
14619
14620
14621
14621
14622
14623
14624
14625
14626
14626
14626
14626
14627
14627
14628
14629
14630
14630
14631
14632
14634
14634
14634
14636
14637
14642
14642
14642
14642
14642
14643
14643
14644
14645
14647
14649
14650
14652
14653
14653
14654
14654
14655
14655
14656
14656
14658
14658
14659
14659
14659
14661
14661
14662
14666
14668
14668
14670
14670
14671
14671
14673
14673
14675
14675
14677
14679
14679
14679
14680
14680
14682
14683
14685
14686
14688
14689
14689
14689
14690
14690
14691
14691
14693
14694
14697
14697
14697
14697
14698
14699
14700
14702
14702
14703
14703
14703
14704
14706
14706
14709
14709
14709
14710
14712
14712
14713
14713
14714
14715
14715
14716
14717
14718
14719
14721
14722
14725
14725
14725
14725
14727
14728
14729
14729
14732
14732
14734
14734
14736
14736
14736
14736
14737
14739
14741
14743
14743
14744
14745
14745
14746
14747
14749
14749
14751
14752
14752
14753
14753
14754
14754
14754
14755
14756
14757
14757
14758
14759
14762
14763
14764
14764
14764
14765
14768
14768
14769
14770
14771
14771
14774
14776
14782
14783
14784
14784
14785
14786
14787
14787
14791
14793
14794
14798
14798
14798
14801
14802
14802
14803
14803
14804
14805
14805
14809
14810
14811
14811
14813
14815
14816
14816
14816
14821
14822
14823
14823
14823
14827
14827
14829
14830
14831
14831
14832
14832
14833
14833
14834
14834
14835
14835
14836
14839
14840
14840
14841
14846
14846
14847
14848
14848
14854
14855
14856
14857
14858
14861
14862
14866
14867
14867
14868
14868
14870
14870
14870
14873
14874
14875
14875
14877
14879
14879
14880
14882
14882
14884
14884
14885
14886
14887
14887
14889
14891
14893
14895
14896
14897
14897
14898
14900
14900
14901
14901
14902
14904
14905
14905
14907
14907
14908
14908
14908
14910
14910
14912
14912
14912
14912
14914
14919
14919
14921
14921
14923
14923
14924
14926
14927
14927
14930
14930
14930
14930
14931
14931
14932
14932
14932
14932
14935
14936
14936
14939
14939
14939
14939
14941
14942
14942
14943
14943
14944
14945
14945
14946
14947
14948
14950
14950
14951
14952
14952
14953
14955
14955
14955
14959
14959
14959
14960
14960
14962
14963
14964
14968
14969
14969
14969
14970
14971
14971
14971
14973
14976
14976
14977
14979
14979
14981
14981
14981
14984
14984
14984
14986
14987
14989
14989
14991
14992
14993
14993
14994
14995
14996
14999
